0,1,2,3,4,5,6,7,8
0.014066,-0.001591,-0.001551,-0.001650,-0.001799,-0.001492,-0.001443,-0.001588,-0.001587
-0.001591,0.003685,-0.001099,-0.000776,-0.000420,-0.000219,-0.000152,0.000053,-0.000057
-0.001551,-0.001099,0.002133,0.000444,0.000253,0.000133,0.000031,-0.000074,0.000011
-0.001650,-0.000776,0.000444,0.001866,0.000243,0.000075,0.000035,-0.000004,0.000041
-0.001799,-0.000420,0.000253,0.000243,0.001726,0.000018,0.000067,-0.000006,0.000040
-0.001492,-0.000219,0.000133,0.000075,0.000018,0.001610,-0.000007,0.000031,-0.000030
-0.001443,-0.000152,0.000031,0.000035,0.000067,-0.000007,0.001509,-0.000035,0.000018
-0.001588,0.000053,-0.000074,-0.000004,-0.000006,0.000031,-0.000035,0.001600,0.000045
-0.001587,-0.000057,0.000011,0.000041,0.000040,-0.000030,0.000018,0.000045,0.001533
