value: 1.0
Main thread exiting.
1: releasing data lock for iter 0
0: releasing data lock for iter 0
2: releasing data lock for iter 0
comp: client data available for iter 0
Iteration 0

 0.029657897667
 -1.069159894086
 0.536812699309
 0.418675056799
 0.200019617954
 0.107230210878
 0.067933595074
 -0.028227503803
 0.014613071008

comp: releasing beta1 lock for iter 0
value: 1.0691598940861529
0: sending beta1 for iter 0
1: sending beta1 for iter 0
2: sending beta1 for iter 0
1: releasing data lock for iter 1
0: releasing data lock for iter 1
2: releasing data lock for iter 1
comp: client data available for iter 1
Iteration 1

 0.013330507964
 -1.649197895381
 0.843450685451
 0.646712901752
 0.318727729337
 0.168223909026
 0.103450458714
 -0.041951131301
 0.028136501940

comp: releasing beta1 lock for iter 1
value: 0.5800380012947826
0: sending beta1 for iter 1
1: sending beta1 for iter 1
2: sending beta1 for iter 1
1: releasing data lock for iter 2
0: releasing data lock for iter 2
2: releasing data lock for iter 2
comp: client data available for iter 2
Iteration 2

 0.001438479982
 -1.927203491640
 0.990633821892
 0.755326593906
 0.378730887587
 0.197709019323
 0.120983900476
 -0.049050291023
 0.035618089730

comp: releasing beta1 lock for iter 2
value: 0.27800559625911414
0: sending beta1 for iter 2
1: sending beta1 for iter 2
2: sending beta1 for iter 2
1: releasing data lock for iter 3
0: releasing data lock for iter 3
2: releasing data lock for iter 3
comp: client data available for iter 3
Iteration 3

 -0.000783186678
 -1.975041195470
 1.015803193007
 0.773908264900
 0.389264393238
 0.202765232113
 0.124066660911
 -0.050236622529
 0.036994948400

comp: releasing beta1 lock for iter 3
value: 0.047837703829746614
2: sending beta1 for iter 3
0: sending beta1 for iter 3
1: sending beta1 for iter 3
1: releasing data lock for iter 4
0: releasing data lock for iter 4
2: releasing data lock for iter 4
comp: client data available for iter 4
Iteration 4

 -0.000837713390
 -1.976204977768
 1.016411630138
 0.774358175453
 0.389522613457
 0.202887832989
 0.124142839803
 -0.050264051576
 0.037029652109

comp: releasing beta1 lock for iter 4
value: 0.001163782298567062
0: sending beta1 for iter 4
2: sending beta1 for iter 4
1: sending beta1 for iter 4
1: releasing data lock for iter 5
0: releasing data lock for iter 5
2: releasing data lock for iter 5
comp: client data available for iter 5
Iteration 5

 -0.000837744475
 -1.976205640417
 1.016411974891
 0.774358430711
 0.389522761183
 0.202887902634
 0.124142883669
 -0.050264066537
 0.037029672344

comp: releasing beta1 lock for iter 5
1: sending beta1 for iter 5
0: sending beta1 for iter 5
2: sending beta1 for iter 5
Total training time: 2.505s
value on exit: 6.626491029226855E-7
Covariance matrix:

  0.014066 -0.001591 -0.001551 -0.001650 -0.001799 -0.001492 -0.001443 -0.001588 -0.001587
 -0.001591  0.003685 -0.001099 -0.000776 -0.000420 -0.000219 -0.000152  0.000053 -0.000057
 -0.001551 -0.001099  0.002133  0.000444  0.000253  0.000133  0.000031 -0.000074  0.000011
 -0.001650 -0.000776  0.000444  0.001866  0.000243  0.000075  0.000035 -0.000004  0.000041
 -0.001799 -0.000420  0.000253  0.000243  0.001726  0.000018  0.000067 -0.000006  0.000040
 -0.001492 -0.000219  0.000133  0.000075  0.000018  0.001610 -0.000007  0.000031 -0.000030
 -0.001443 -0.000152  0.000031  0.000035  0.000067 -0.000007  0.001509 -0.000035  0.000018
 -0.001588  0.000053 -0.000074 -0.000004 -0.000006  0.000031 -0.000035  0.001600  0.000045
 -0.001587 -0.000057  0.000011  0.000041  0.000040 -0.000030  0.000018  0.000045  0.001533

SD matrix:

  0.118602  0.060703  0.046182  0.043196  0.041550  0.040123  0.038843  0.040003  0.039148

Computation thread exiting.
Thread 1 exiting.
Thread 0 exiting.
Thread 2 exiting.
