value: 1.0
Main thread exiting.
0: releasing data lock for iter 0
1: releasing data lock for iter 0
2: releasing data lock for iter 0
comp: client data available for iter 0
Iteration 0

 0.015724218210
 -1.064246171585
 0.542998403684
 0.361873999210
 0.212956704331
 0.121742570583
 0.041745715102
 0.054820449727
 0.005223712603

comp: releasing beta1 lock for iter 0
value: 1.064246171584671
0: sending beta1 for iter 0
2: sending beta1 for iter 0
1: sending beta1 for iter 0
0: releasing data lock for iter 1
1: releasing data lock for iter 1
2: releasing data lock for iter 1
comp: client data available for iter 1
Iteration 1

 0.026281363174
 -1.665306063981
 0.844590033661
 0.575338907095
 0.334918077109
 0.188187220809
 0.065954774128
 0.074469272174
 0.015415479052

comp: releasing beta1 lock for iter 1
value: 0.6010598923960695
2: sending beta1 for iter 1
1: sending beta1 for iter 1
0: sending beta1 for iter 1
0: releasing data lock for iter 2
1: releasing data lock for iter 2
2: releasing data lock for iter 2
comp: client data available for iter 2
Iteration 2

 0.037923901016
 -1.966309450953
 0.996451647208
 0.681163092230
 0.397920199560
 0.220156144808
 0.077204497020
 0.080238655378
 0.021179369470

comp: releasing beta1 lock for iter 2
value: 0.3010033869721731
0: sending beta1 for iter 2
2: sending beta1 for iter 2
1: sending beta1 for iter 2
0: releasing data lock for iter 3
1: releasing data lock for iter 3
2: releasing data lock for iter 3
comp: client data available for iter 3
Iteration 3

 0.041111206730
 -2.022726139604
 1.025130203213
 0.700769253922
 0.409921724002
 0.225871618350
 0.079022980898
 0.080922218822
 0.022281979194

comp: releasing beta1 lock for iter 3
value: 0.05641668865103533
1: sending beta1 for iter 3
0: sending beta1 for iter 3
2: sending beta1 for iter 3
0: releasing data lock for iter 4
1: releasing data lock for iter 4
2: releasing data lock for iter 4
comp: client data available for iter 4
Iteration 4

 0.041222272618
 -2.024341245434
 1.025956530004
 0.701325932976
 0.410268184718
 0.226028674224
 0.079068197945
 0.080935329697
 0.022313541156

comp: releasing beta1 lock for iter 4
0: sending beta1 for iter 4
2: sending beta1 for iter 4
1: sending beta1 for iter 4
value: 0.0016151058295945653
0: releasing data lock for iter 5
1: releasing data lock for iter 5
2: releasing data lock for iter 5
comp: client data available for iter 5
Iteration 5

 0.041222371351
 -2.024342515322
 1.025957182754
 0.701326368176
 0.410268458414
 0.226028793627
 0.079068229674
 0.080935336494
 0.022313565877

comp: releasing beta1 lock for iter 5
0: sending beta1 for iter 5
2: sending beta1 for iter 5
1: sending beta1 for iter 5
value: 1.2698882785322496E-6
0: releasing data lock for iter 6
1: releasing data lock for iter 6
2: releasing data lock for iter 6
comp: client data available for iter 6
Iteration 6

 0.041222371351
 -2.024342515323
 1.025957182754
 0.701326368176
 0.410268458414
 0.226028793627
 0.079068229674
 0.080935336494
 0.022313565877

comp: releasing beta1 lock for iter 6
0: sending beta1 for iter 6
2: sending beta1 for iter 6
1: sending beta1 for iter 6
Total training time: 2.712s
value on exit: 7.851497230149107E-13
Covariance matrix:

  0.014397 -0.001786 -0.001465 -0.001651 -0.001654 -0.001678 -0.001610 -0.001668 -0.001466
 -0.001786  0.003841 -0.001112 -0.000791 -0.000435 -0.000247 -0.000006 -0.000023 -0.000054
 -0.001465 -0.001112  0.002133  0.000400  0.000226  0.000087  0.000028  0.000055 -0.000016
 -0.001651 -0.000791  0.000400  0.001876  0.000202  0.000076  0.000059  0.000016  0.000046
 -0.001654 -0.000435  0.000226  0.000202  0.001720  0.000087  0.000008 -0.000008  0.000014
 -0.001678 -0.000247  0.000087  0.000076  0.000087  0.001679  0.000010  0.000068 -0.000040
 -0.001610 -0.000006  0.000028  0.000059  0.000008  0.000010  0.001550  0.000028 -0.000016
 -0.001668 -0.000023  0.000055  0.000016 -0.000008  0.000068  0.000028  0.001553  0.000003
 -0.001466 -0.000054 -0.000016  0.000046  0.000014 -0.000040 -0.000016  0.000003  0.001580

SD matrix:

  0.119989  0.061977  0.046185  0.043317  0.041468  0.040975  0.039373  0.039404  0.039745

Computation thread exiting.
Thread 2 exiting.
Thread 0 exiting.
Thread 1 exiting.
