0,1,2,3,4,5,6,7,8
0.013535,-0.001751,-0.001394,-0.001359,-0.001510,-0.001498,-0.001403,-0.001641,-0.001466
-0.001751,0.003786,-0.001028,-0.000869,-0.000349,-0.000230,-0.000081,0.000002,0.000039
-0.001394,-0.001028,0.001993,0.000401,0.000199,0.000079,0.000049,-0.000031,-0.000033
-0.001359,-0.000869,0.000401,0.001869,0.000113,0.000061,0.000025,-0.000009,-0.000019
-0.001510,-0.000349,0.000199,0.000113,0.001610,0.000027,-0.000029,0.000037,-0.000005
-0.001498,-0.000230,0.000079,0.000061,0.000027,0.001583,-0.000015,0.000041,0.000001
-0.001403,-0.000081,0.000049,0.000025,-0.000029,-0.000015,0.001463,0.000007,-0.000004
-0.001641,0.000002,-0.000031,-0.000009,0.000037,0.000041,0.000007,0.001584,-0.000045
-0.001466,0.000039,-0.000033,-0.000019,-0.000005,0.000001,-0.000004,-0.000045,0.001552
