0,1,2,3,4,5,6,7,8
0.013853,-0.001689,-0.001405,-0.001544,-0.001553,-0.001505,-0.001567,-0.001543,-0.001491
-0.001689,0.003763,-0.001102,-0.000946,-0.000415,-0.000186,-0.000134,-0.000008,0.000056
-0.001405,-0.001102,0.002105,0.000432,0.000204,0.000092,0.000014,0.000009,-0.000058
-0.001544,-0.000946,0.000432,0.001992,0.000210,0.000086,0.000109,-0.000031,-0.000066
-0.001553,-0.000415,0.000204,0.000210,0.001674,0.000004,0.000005,0.000038,0.000006
-0.001505,-0.000186,0.000092,0.000086,0.000004,0.001557,0.000011,0.000005,0.000003
-0.001567,-0.000134,0.000014,0.000109,0.000005,0.000011,0.001614,-0.000025,-0.000008
-0.001543,-0.000008,0.000009,-0.000031,0.000038,0.000005,-0.000025,0.001599,-0.000021
-0.001491,0.000056,-0.000058,-0.000066,0.000006,0.000003,-0.000008,-0.000021,0.001556
