0,1,2,3,4,5,6,7,8
0.013919,-0.001429,-0.001623,-0.001583,-0.001633,-0.001561,-0.001558,-0.001560,-0.001525
-0.001429,0.003893,-0.001126,-0.000958,-0.000492,-0.000305,-0.000146,0.000054,0.000012
-0.001623,-0.001126,0.002184,0.000397,0.000211,0.000148,0.000052,-0.000005,0.000026
-0.001583,-0.000958,0.000397,0.002005,0.000223,0.000138,0.000026,0.000002,-0.000022
-0.001633,-0.000492,0.000211,0.000223,0.001671,0.000058,0.000080,-0.000014,0.000004
-0.001561,-0.000305,0.000148,0.000138,0.000058,0.001596,0.000005,0.000014,-0.000013
-0.001558,-0.000146,0.000052,0.000026,0.000080,0.000005,0.001614,-0.000041,-0.000007
-0.001560,0.000054,-0.000005,0.000002,-0.000014,0.000014,-0.000041,0.001583,-0.000051
-0.001525,0.000012,0.000026,-0.000022,0.000004,-0.000013,-0.000007,-0.000051,0.001598
