0,1,2,3,4,5,6,7,8
0.014021,-0.001516,-0.001621,-0.001551,-0.001549,-0.001556,-0.001627,-0.001500,-0.001631
-0.001516,0.003764,-0.001105,-0.000827,-0.000437,-0.000200,-0.000107,-0.000079,-0.000028
-0.001621,-0.001105,0.002089,0.000426,0.000232,0.000073,0.000111,0.000033,0.000020
-0.001551,-0.000827,0.000426,0.001858,0.000148,0.000097,-0.000005,0.000003,0.000040
-0.001549,-0.000437,0.000232,0.000148,0.001615,0.000049,-0.000014,0.000023,0.000030
-0.001556,-0.000200,0.000073,0.000097,0.000049,0.001610,0.000042,-0.000015,-0.000033
-0.001627,-0.000107,0.000111,-0.000005,-0.000014,0.000042,0.001545,-0.000002,0.000055
-0.001500,-0.000079,0.000033,0.000003,0.000023,-0.000015,-0.000002,0.001542,0.000022
-0.001631,-0.000028,0.000020,0.000040,0.000030,-0.000033,0.000055,0.000022,0.001573
