value: 1.0
Main thread exiting.
0: releasing data lock for iter 0
1: releasing data lock for iter 0
2: releasing data lock for iter 0
comp: client data available for iter 0
Iteration 0

 0.023916610772
 -1.062121629458
 0.519990012332
 0.389087855596
 0.221704725301
 0.092386798993
 0.059676387761
 0.007141297824
 0.012515643368

comp: releasing beta1 lock for iter 0
value: 1.0621216294577203
1: sending beta1 for iter 0
0: sending beta1 for iter 0
2: sending beta1 for iter 0
0: releasing data lock for iter 1
1: releasing data lock for iter 1
2: releasing data lock for iter 1
comp: client data available for iter 1
Iteration 1

 0.025251403150
 -1.657330045455
 0.816331005992
 0.611429855575
 0.340693755350
 0.143387761965
 0.083774858806
 0.028344462095
 0.020318706551

comp: releasing beta1 lock for iter 1
value: 0.5952084159976112
1: sending beta1 for iter 1
0: sending beta1 for iter 1
2: sending beta1 for iter 1
0: releasing data lock for iter 2
1: releasing data lock for iter 2
2: releasing data lock for iter 2
comp: client data available for iter 2
Iteration 2

 0.023828212482
 -1.948814163526
 0.961577883825
 0.719500394614
 0.397884255954
 0.170206791435
 0.095367597671
 0.039294704137
 0.025130012043

comp: releasing beta1 lock for iter 2
value: 0.2914841180706702
0: sending beta1 for iter 2
2: sending beta1 for iter 2
1: sending beta1 for iter 2
0: releasing data lock for iter 3
1: releasing data lock for iter 3
2: releasing data lock for iter 3
comp: client data available for iter 3
Iteration 3

 0.023235545473
 -2.000699285422
 0.987380204403
 0.738604057494
 0.408006409827
 0.175170020395
 0.097600359072
 0.041145236390
 0.026281188332

comp: releasing beta1 lock for iter 3
value: 0.051885121895912434
0: sending beta1 for iter 3
2: sending beta1 for iter 3
1: sending beta1 for iter 3
0: releasing data lock for iter 4
1: releasing data lock for iter 4
2: releasing data lock for iter 4
comp: client data available for iter 4
Iteration 4

 0.023213631548
 -2.002043858817
 0.988047465831
 0.739096671367
 0.408267946858
 0.175301606602
 0.097662671072
 0.041190229873
 0.026317679009

comp: releasing beta1 lock for iter 4
0: sending beta1 for iter 4
1: sending beta1 for iter 4
2: sending beta1 for iter 4
value: 0.0013445733955181893
0: releasing data lock for iter 5
1: releasing data lock for iter 5
2: releasing data lock for iter 5
comp: client data available for iter 5
Iteration 5

 0.023213614323
 -2.002044726591
 0.988047895822
 0.739096988175
 0.408268115279
 0.175301692895
 0.097662713430
 0.041190257422
 0.026317705765

comp: releasing beta1 lock for iter 5
0: sending beta1 for iter 5
2: sending beta1 for iter 5
1: sending beta1 for iter 5
Total training time: 2.551s
value on exit: 8.677731573314418E-7
Covariance matrix:

  0.014021 -0.001516 -0.001621 -0.001551 -0.001549 -0.001556 -0.001627 -0.001500 -0.001631
 -0.001516  0.003764 -0.001105 -0.000827 -0.000437 -0.000200 -0.000107 -0.000079 -0.000028
 -0.001621 -0.001105  0.002089  0.000426  0.000232  0.000073  0.000111  0.000033  0.000020
 -0.001551 -0.000827  0.000426  0.001858  0.000148  0.000097 -0.000005  0.000003  0.000040
 -0.001549 -0.000437  0.000232  0.000148  0.001615  0.000049 -0.000014  0.000023  0.000030
 -0.001556 -0.000200  0.000073  0.000097  0.000049  0.001610  0.000042 -0.000015 -0.000033
 -0.001627 -0.000107  0.000111 -0.000005 -0.000014  0.000042  0.001545 -0.000002  0.000055
 -0.001500 -0.000079  0.000033  0.000003  0.000023 -0.000015 -0.000002  0.001542  0.000022
 -0.001631 -0.000028  0.000020  0.000040  0.000030 -0.000033  0.000055  0.000022  0.001573

SD matrix:

  0.118412  0.061354  0.045701  0.043107  0.040190  0.040121  0.039301  0.039267  0.039663

Computation thread exiting.
Thread 0 exiting.
Thread 1 exiting.
Thread 2 exiting.
