0,1,2,3,4,5,6,7,8
0.013554,-0.001541,-0.001462,-0.001593,-0.001491,-0.001561,-0.001586,-0.001397,-0.001539
-0.001541,0.003860,-0.001265,-0.000913,-0.000516,-0.000205,-0.000014,0.000049,-0.000002
-0.001462,-0.001265,0.002241,0.000524,0.000219,0.000053,0.000039,-0.000014,0.000006
-0.001593,-0.000913,0.000524,0.001909,0.000229,0.000118,0.000035,-0.000018,-0.000035
-0.001491,-0.000516,0.000219,0.000229,0.001656,0.000077,0.000012,-0.000004,-0.000026
-0.001561,-0.000205,0.000053,0.000118,0.000077,0.001596,-0.000026,-0.000028,0.000013
-0.001586,-0.000014,0.000039,0.000035,0.000012,-0.000026,0.001565,-0.000022,0.000010
-0.001397,0.000049,-0.000014,-0.000018,-0.000004,-0.000028,-0.000022,0.001450,0.000017
-0.001539,-0.000002,0.000006,-0.000035,-0.000026,0.000013,0.000010,0.000017,0.001541
