value: 1.0
Main thread exiting.
0: releasing data lock for iter 0
1: releasing data lock for iter 0
2: releasing data lock for iter 0
comp: client data available for iter 0
Iteration 0

 0.021301248715
 -1.057857886785
 0.565482976889
 0.408390660165
 0.235131547505
 0.080242279044
 0.014690468472
 -0.002587341756
 0.008594548449

comp: releasing beta1 lock for iter 0
value: 1.0578578867845418
0: sending beta1 for iter 0
2: sending beta1 for iter 0
1: sending beta1 for iter 0
0: releasing data lock for iter 1
1: releasing data lock for iter 1
2: releasing data lock for iter 1
comp: client data available for iter 1
Iteration 1

 0.018774622499
 -1.655824272197
 0.883417724191
 0.651711837446
 0.370428757441
 0.130114057617
 0.025828256940
 -0.008694317573
 0.008772358009

comp: releasing beta1 lock for iter 1
0: sending beta1 for iter 1
2: sending beta1 for iter 1
1: sending beta1 for iter 1
value: 0.5979663854125252
0: releasing data lock for iter 2
1: releasing data lock for iter 2
2: releasing data lock for iter 2
comp: client data available for iter 2
Iteration 2

 0.018318421343
 -1.958258501295
 1.045951529148
 0.775348491150
 0.437456251134
 0.156677598216
 0.030939948395
 -0.015255622738
 0.009963538022

comp: releasing beta1 lock for iter 2
value: 0.30243422909744044
2: sending beta1 for iter 2
1: sending beta1 for iter 2
0: sending beta1 for iter 2
0: releasing data lock for iter 3
1: releasing data lock for iter 3
2: releasing data lock for iter 3
comp: client data available for iter 3
Iteration 3

 0.018432390020
 -2.015657140318
 1.077105001114
 0.798820042370
 0.449943183257
 0.161811292503
 0.031844408283
 -0.016864707047
 0.010324806822

comp: releasing beta1 lock for iter 3
0: sending beta1 for iter 3
1: sending beta1 for iter 3
2: sending beta1 for iter 3
value: 0.057398639023065634
0: releasing data lock for iter 4
1: releasing data lock for iter 4
2: releasing data lock for iter 4
comp: client data available for iter 4
Iteration 4

 0.018441511799
 -2.017332981730
 1.078020771357
 0.799505345878
 0.450302727849
 0.161961624339
 0.031869307797
 -0.016917304405
 0.010337023978

comp: releasing beta1 lock for iter 4
0: sending beta1 for iter 4
value: 0.0016758414120636722
2: sending beta1 for iter 4
1: sending beta1 for iter 4
0: releasing data lock for iter 5
1: releasing data lock for iter 5
2: releasing data lock for iter 5
comp: client data available for iter 5
Iteration 5

 0.018441523169
 -2.017334350400
 1.078021522763
 0.799505905516
 0.450303018410
 0.161961747081
 0.031869327221
 -0.016917350203
 0.010337034602

comp: releasing beta1 lock for iter 5
0: sending beta1 for iter 5
1: sending beta1 for iter 5
2: sending beta1 for iter 5
value: 1.3686706217264089E-6
0: releasing data lock for iter 6
1: releasing data lock for iter 6
2: releasing data lock for iter 6
comp: client data available for iter 6
Iteration 6

 0.018441523169
 -2.017334350401
 1.078021522764
 0.799505905516
 0.450303018410
 0.161961747081
 0.031869327221
 -0.016917350203
 0.010337034602

comp: releasing beta1 lock for iter 6
0: sending beta1 for iter 6
2: sending beta1 for iter 6
1: sending beta1 for iter 6
Total training time: 2.784s
value on exit: 9.139355938714289E-13
Covariance matrix:

  0.013554 -0.001541 -0.001462 -0.001593 -0.001491 -0.001561 -0.001586 -0.001397 -0.001539
 -0.001541  0.003860 -0.001265 -0.000913 -0.000516 -0.000205 -0.000014  0.000049 -0.000002
 -0.001462 -0.001265  0.002241  0.000524  0.000219  0.000053  0.000039 -0.000014  0.000006
 -0.001593 -0.000913  0.000524  0.001909  0.000229  0.000118  0.000035 -0.000018 -0.000035
 -0.001491 -0.000516  0.000219  0.000229  0.001656  0.000077  0.000012 -0.000004 -0.000026
 -0.001561 -0.000205  0.000053  0.000118  0.000077  0.001596 -0.000026 -0.000028  0.000013
 -0.001586 -0.000014  0.000039  0.000035  0.000012 -0.000026  0.001565 -0.000022  0.000010
 -0.001397  0.000049 -0.000014 -0.000018 -0.000004 -0.000028 -0.000022  0.001450  0.000017
 -0.001539 -0.000002  0.000006 -0.000035 -0.000026  0.000013  0.000010  0.000017  0.001541

SD matrix:

  0.116423  0.062126  0.047339  0.043690  0.040690  0.039954  0.039564  0.038074  0.039259

Computation thread exiting.
Thread 1 exiting.
Thread 0 exiting.
Thread 2 exiting.
