0,1,2,3,4,5,6,7,8
0.014009,-0.001562,-0.001475,-0.001503,-0.001579,-0.001550,-0.001634,-0.001587,-0.001555
-0.001562,0.003669,-0.001081,-0.000901,-0.000384,-0.000192,-0.000070,-0.000027,0.000052
-0.001475,-0.001081,0.002075,0.000393,0.000198,0.000078,0.000006,0.000011,-0.000020
-0.001503,-0.000901,0.000393,0.001953,0.000162,0.000070,0.000036,0.000017,0.000016
-0.001579,-0.000384,0.000198,0.000162,0.001654,0.000049,0.000013,-0.000025,-0.000030
-0.001550,-0.000192,0.000078,0.000070,0.000049,0.001613,0.000016,0.000007,-0.000007
-0.001634,-0.000070,0.000006,0.000036,0.000013,0.000016,0.001596,0.000020,0.000011
-0.001587,-0.000027,0.000011,0.000017,-0.000025,0.000007,0.000020,0.001578,-0.000016
-0.001555,0.000052,-0.000020,0.000016,-0.000030,-0.000007,0.000011,-0.000016,0.001568
