0,1,2,3,4,5,6,7,8
0.013832,-0.001530,-0.001732,-0.001436,-0.001434,-0.001595,-0.001511,-0.001490,-0.001572
-0.001530,0.004074,-0.001167,-0.001001,-0.000452,-0.000224,-0.000094,-0.000111,-0.000137
-0.001732,-0.001167,0.002240,0.000474,0.000182,0.000136,0.000007,0.000037,0.000071
-0.001436,-0.001001,0.000474,0.001935,0.000146,0.000101,0.000024,-0.000066,0.000078
-0.001434,-0.000452,0.000182,0.000146,0.001603,0.000013,0.000030,0.000053,0.000003
-0.001595,-0.000224,0.000136,0.000101,0.000013,0.001584,0.000007,0.000010,0.000041
-0.001511,-0.000094,0.000007,0.000024,0.000030,0.000007,0.001603,0.000013,-0.000010
-0.001490,-0.000111,0.000037,-0.000066,0.000053,0.000010,0.000013,0.001573,-0.000011
-0.001572,-0.000137,0.000071,0.000078,0.000003,0.000041,-0.000010,-0.000011,0.001552
