value: 1.0
Main thread exiting.
0: releasing data lock for iter 0
1: releasing data lock for iter 0
2: releasing data lock for iter 0
comp: client data available for iter 0
Iteration 0

 -0.004680701482
 -1.056123374289
 0.535634316627
 0.416799830214
 0.181041605512
 0.109413687224
 0.070771908803
 -0.012798558311
 0.032808879556

comp: releasing beta1 lock for iter 0
value: 1.056123374288985
0: sending beta1 for iter 0
2: sending beta1 for iter 0
1: sending beta1 for iter 0
0: releasing data lock for iter 1
1: releasing data lock for iter 1
2: releasing data lock for iter 1
comp: client data available for iter 1
Iteration 1

 -0.025829786011
 -1.671625932276
 0.842242524843
 0.665709122472
 0.288291744604
 0.170061167477
 0.106448599087
 -0.000484213456
 0.055827935184

comp: releasing beta1 lock for iter 1
value: 0.6155025579870403
0: sending beta1 for iter 1
2: sending beta1 for iter 1
1: sending beta1 for iter 1
0: releasing data lock for iter 2
1: releasing data lock for iter 2
2: releasing data lock for iter 2
comp: client data available for iter 2
Iteration 2

 -0.032484674929
 -1.999254748611
 1.003185276868
 0.797559035554
 0.345927464943
 0.199447826755
 0.121754964375
 0.008768409576
 0.069724725287

comp: releasing beta1 lock for iter 2
value: 0.32762881633517416
0: sending beta1 for iter 2
2: sending beta1 for iter 2
1: sending beta1 for iter 2
0: releasing data lock for iter 3
1: releasing data lock for iter 3
2: releasing data lock for iter 3
comp: client data available for iter 3
Iteration 3

 -0.033165526912
 -2.067268263283
 1.036272340899
 0.824641925768
 0.357901058007
 0.205251920075
 0.124562181070
 0.010893525057
 0.072808635381

comp: releasing beta1 lock for iter 3
value: 0.06801351467190941
0: sending beta1 for iter 3
2: sending beta1 for iter 3
1: sending beta1 for iter 3
0: releasing data lock for iter 4
1: releasing data lock for iter 4
2: releasing data lock for iter 4
comp: client data available for iter 4
Iteration 4

 -0.033175267862
 -2.069596906809
 1.037398750748
 0.825561232958
 0.358310908543
 0.205445517249
 0.124651339051
 0.010969408168
 0.072919119729

comp: releasing beta1 lock for iter 4
value: 0.002328643525778773
0: sending beta1 for iter 4
2: sending beta1 for iter 4
1: sending beta1 for iter 4
0: releasing data lock for iter 5
1: releasing data lock for iter 5
2: releasing data lock for iter 5
comp: client data available for iter 5
Iteration 5

 -0.033175268872
 -2.069599491404
 1.037399996249
 0.825562247083
 0.358311363235
 0.205445728665
 0.124651432785
 0.010969494569
 0.072919246338

comp: releasing beta1 lock for iter 5
0: sending beta1 for iter 5
2: sending beta1 for iter 5
1: sending beta1 for iter 5
value: 2.584594739563073E-6
0: releasing data lock for iter 6
1: releasing data lock for iter 6
2: releasing data lock for iter 6
comp: client data available for iter 6
Iteration 6

 -0.033175268872
 -2.069599491407
 1.037399996250
 0.825562247084
 0.358311363236
 0.205445728665
 0.124651432785
 0.010969494569
 0.072919246339

comp: releasing beta1 lock for iter 6
0: sending beta1 for iter 6
2: sending beta1 for iter 6
1: sending beta1 for iter 6
Total training time: 2.803s
value on exit: 3.1734614935885475E-12
Covariance matrix:

  0.013832 -0.001530 -0.001732 -0.001436 -0.001434 -0.001595 -0.001511 -0.001490 -0.001572
 -0.001530  0.004074 -0.001167 -0.001001 -0.000452 -0.000224 -0.000094 -0.000111 -0.000137
 -0.001732 -0.001167  0.002240  0.000474  0.000182  0.000136  0.000007  0.000037  0.000071
 -0.001436 -0.001001  0.000474  0.001935  0.000146  0.000101  0.000024 -0.000066  0.000078
 -0.001434 -0.000452  0.000182  0.000146  0.001603  0.000013  0.000030  0.000053  0.000003
 -0.001595 -0.000224  0.000136  0.000101  0.000013  0.001584  0.000007  0.000010  0.000041
 -0.001511 -0.000094  0.000007  0.000024  0.000030  0.000007  0.001603  0.000013 -0.000010
 -0.001490 -0.000111  0.000037 -0.000066  0.000053  0.000010  0.000013  0.001573 -0.000011
 -0.001572 -0.000137  0.000071  0.000078  0.000003  0.000041 -0.000010 -0.000011  0.001552

SD matrix:

  0.117609  0.063831  0.047324  0.043990  0.040032  0.039804  0.040043  0.039655  0.039400

Computation thread exiting.
Thread 1 exiting.
Thread 0 exiting.
Thread 2 exiting.
