0,1,2,3,4,5,6,7,8
0.014401,-0.001509,-0.001667,-0.001676,-0.001516,-0.001674,-0.001630,-0.001590,-0.001580
-0.001509,0.004022,-0.001203,-0.000894,-0.000408,-0.000423,-0.000204,0.000016,-0.000054
-0.001667,-0.001203,0.002157,0.000480,0.000172,0.000206,0.000099,0.000019,0.000030
-0.001676,-0.000894,0.000480,0.001911,0.000146,0.000116,0.000080,0.000036,0.000012
-0.001516,-0.000408,0.000172,0.000146,0.001631,0.000089,0.000007,-0.000000,0.000006
-0.001674,-0.000423,0.000206,0.000116,0.000089,0.001751,0.000049,-0.000011,-0.000002
-0.001630,-0.000204,0.000099,0.000080,0.000007,0.000049,0.001693,-0.000025,-0.000001
-0.001590,0.000016,0.000019,0.000036,-0.000000,-0.000011,-0.000025,0.001552,-0.000009
-0.001580,-0.000054,0.000030,0.000012,0.000006,-0.000002,-0.000001,-0.000009,0.001621
