0,1,2,3,4,5,6,7,8
0.014077,-0.001726,-0.001405,-0.001532,-0.001509,-0.001731,-0.001520,-0.001596,-0.001564
-0.001726,0.003777,-0.001114,-0.000905,-0.000445,-0.000103,-0.000061,-0.000031,0.000042
-0.001405,-0.001114,0.002010,0.000432,0.000211,0.000068,0.000050,0.000057,-0.000018
-0.001532,-0.000905,0.000432,0.001872,0.000208,0.000103,0.000030,0.000007,0.000006
-0.001509,-0.000445,0.000211,0.000208,0.001635,0.000043,0.000005,0.000003,-0.000018
-0.001731,-0.000103,0.000068,0.000103,0.000043,0.001568,0.000027,0.000032,-0.000004
-0.001520,-0.000061,0.000050,0.000030,0.000005,0.000027,0.001504,0.000010,-0.000000
-0.001596,-0.000031,0.000057,0.000007,0.000003,0.000032,0.000010,0.001489,0.000014
-0.001564,0.000042,-0.000018,0.000006,-0.000018,-0.000004,-0.000000,0.000014,0.001538
