0,1,2,3,4,5,6,7,8
0.013718,-0.001683,-0.001450,-0.001436,-0.001479,-0.001514,-0.001588,-0.001520,-0.001514
-0.001683,0.003597,-0.000998,-0.000911,-0.000378,-0.000092,-0.000051,0.000069,-0.000061
-0.001450,-0.000998,0.002030,0.000444,0.000188,0.000053,0.000068,-0.000049,-0.000019
-0.001436,-0.000911,0.000444,0.001874,0.000150,0.000059,0.000022,-0.000046,0.000046
-0.001479,-0.000378,0.000188,0.000150,0.001601,0.000038,0.000016,0.000001,-0.000023
-0.001514,-0.000092,0.000053,0.000059,0.000038,0.001554,-0.000044,-0.000029,-0.000015
-0.001588,-0.000051,0.000068,0.000022,0.000016,-0.000044,0.001540,-0.000007,0.000021
-0.001520,0.000069,-0.000049,-0.000046,0.000001,-0.000029,-0.000007,0.001556,0.000024
-0.001514,-0.000061,-0.000019,0.000046,-0.000023,-0.000015,0.000021,0.000024,0.001567
