0,1,2,3,4,5,6,7,8
0.013971,-0.001572,-0.001579,-0.001623,-0.001593,-0.001608,-0.001545,-0.001520,-0.001499
-0.001572,0.004025,-0.001198,-0.000980,-0.000399,-0.000197,-0.000111,-0.000001,-0.000140
-0.001579,-0.001198,0.002263,0.000464,0.000203,0.000116,0.000034,-0.000032,0.000037
-0.001623,-0.000980,0.000464,0.002004,0.000180,0.000137,0.000040,0.000009,0.000017
-0.001593,-0.000399,0.000203,0.000180,0.001730,0.000006,0.000022,-0.000038,0.000014
-0.001608,-0.000197,0.000116,0.000137,0.000006,0.001600,0.000035,-0.000027,0.000012
-0.001545,-0.000111,0.000034,0.000040,0.000022,0.000035,0.001571,0.000011,-0.000004
-0.001520,-0.000001,-0.000032,0.000009,-0.000038,-0.000027,0.000011,0.001586,0.000010
-0.001499,-0.000140,0.000037,0.000017,0.000014,0.000012,-0.000004,0.000010,0.001569
