0,1,2,3,4,5,6,7,8
0.013682,-0.001815,-0.001510,-0.001453,-0.001516,-0.001441,-0.001380,-0.001589,-0.001451
-0.001815,0.003887,-0.001166,-0.000863,-0.000453,-0.000196,-0.000148,0.000104,0.000040
-0.001510,-0.001166,0.002167,0.000465,0.000252,0.000086,0.000055,-0.000020,-0.000033
-0.001453,-0.000863,0.000465,0.001842,0.000195,0.000091,0.000020,-0.000059,-0.000040
-0.001516,-0.000453,0.000252,0.000195,0.001630,0.000059,-0.000011,-0.000042,-0.000019
-0.001441,-0.000196,0.000086,0.000091,0.000059,0.001492,0.000013,0.000012,-0.000032
-0.001380,-0.000148,0.000055,0.000020,-0.000011,0.000013,0.001510,-0.000011,0.000014
-0.001589,0.000104,-0.000020,-0.000059,-0.000042,0.000012,-0.000011,0.001589,0.000004
-0.001451,0.000040,-0.000033,-0.000040,-0.000019,-0.000032,0.000014,0.000004,0.001512
