0,1,2,3,4,5,6,7,8
0.013842,-0.001483,-0.001525,-0.001644,-0.001541,-0.001440,-0.001566,-0.001590,-0.001586
-0.001483,0.003846,-0.001174,-0.000832,-0.000472,-0.000225,-0.000126,-0.000011,-0.000085
-0.001525,-0.001174,0.002184,0.000443,0.000240,0.000080,0.000032,-0.000017,0.000053
-0.001644,-0.000832,0.000443,0.001865,0.000189,0.000064,0.000085,0.000027,-0.000003
-0.001541,-0.000472,0.000240,0.000189,0.001623,0.000024,0.000024,0.000013,0.000020
-0.001440,-0.000225,0.000080,0.000064,0.000024,0.001535,-0.000018,-0.000013,0.000041
-0.001566,-0.000126,0.000032,0.000085,0.000024,-0.000018,0.001563,-0.000015,0.000032
-0.001590,-0.000011,-0.000017,0.000027,0.000013,-0.000013,-0.000015,0.001627,-0.000010
-0.001586,-0.000085,0.000053,-0.000003,0.000020,0.000041,0.000032,-0.000010,0.001572
