value: 1.0
Main thread exiting.
0: releasing data lock for iter 0
1: releasing data lock for iter 0
2: releasing data lock for iter 0
comp: client data available for iter 0
Iteration 0

 0.039369902038
 -1.076220764770
 0.542061937287
 0.400892474328
 0.222149912425
 0.109552929472
 0.042184674681
 -0.010525289783
 0.004159385891

comp: releasing beta1 lock for iter 0
value: 1.0762207647699091
0: sending beta1 for iter 0
2: sending beta1 for iter 0
1: sending beta1 for iter 0
0: releasing data lock for iter 1
1: releasing data lock for iter 1
2: releasing data lock for iter 1
comp: client data available for iter 1
Iteration 1

 0.066212884709
 -1.681987556040
 0.848786630348
 0.622022642524
 0.349168422044
 0.166797149255
 0.064841132895
 -0.019974286787
 0.009521732679

comp: releasing beta1 lock for iter 1
value: 0.6057667912702376
2: sending beta1 for iter 1
0: sending beta1 for iter 1
1: sending beta1 for iter 1
0: releasing data lock for iter 2
1: releasing data lock for iter 2
2: releasing data lock for iter 2
comp: client data available for iter 2
Iteration 2

 0.074558445975
 -1.977854274583
 0.998083220091
 0.729231837755
 0.412304802702
 0.194311820053
 0.075929600643
 -0.022979970696
 0.013714339589

comp: releasing beta1 lock for iter 2
value: 0.29586671854325
1: sending beta1 for iter 2
0: sending beta1 for iter 2
2: sending beta1 for iter 2
0: releasing data lock for iter 3
1: releasing data lock for iter 3
2: releasing data lock for iter 3
comp: client data available for iter 3
Iteration 3

 0.075405972573
 -2.030028906813
 1.024297709356
 0.748133683672
 0.423512317446
 0.199151171248
 0.077957507942
 -0.023277413673
 0.014657113753

comp: releasing beta1 lock for iter 3
0: sending beta1 for iter 3
2: sending beta1 for iter 3
1: sending beta1 for iter 3
value: 0.052174632229527784
0: releasing data lock for iter 4
1: releasing data lock for iter 4
2: releasing data lock for iter 4
comp: client data available for iter 4
Iteration 4

 0.075417385135
 -2.031356085995
 1.024962482269
 0.748614991276
 0.423798012587
 0.199274491135
 0.078010825935
 -0.023280816635
 0.014684397064

comp: releasing beta1 lock for iter 4
0: sending beta1 for iter 4
2: sending beta1 for iter 4
1: sending beta1 for iter 4
value: 0.001327179182456284
0: releasing data lock for iter 5
1: releasing data lock for iter 5
2: releasing data lock for iter 5
comp: client data available for iter 5
Iteration 5

 0.075417387888
 -2.031356911690
 1.024962894949
 0.748615290952
 0.423798190526
 0.199274567971
 0.078010859954
 -0.023280816906
 0.014684415459

comp: releasing beta1 lock for iter 5
0: sending beta1 for iter 5
1: sending beta1 for iter 5
2: sending beta1 for iter 5
Total training time: 2.627s
value on exit: 8.25694362216467E-7
Covariance matrix:

  0.013842 -0.001483 -0.001525 -0.001644 -0.001541 -0.001440 -0.001566 -0.001590 -0.001586
 -0.001483  0.003846 -0.001174 -0.000832 -0.000472 -0.000225 -0.000126 -0.000011 -0.000085
 -0.001525 -0.001174  0.002184  0.000443  0.000240  0.000080  0.000032 -0.000017  0.000053
 -0.001644 -0.000832  0.000443  0.001865  0.000189  0.000064  0.000085  0.000027 -0.000003
 -0.001541 -0.000472  0.000240  0.000189  0.001623  0.000024  0.000024  0.000013  0.000020
 -0.001440 -0.000225  0.000080  0.000064  0.000024  0.001535 -0.000018 -0.000013  0.000041
 -0.001566 -0.000126  0.000032  0.000085  0.000024 -0.000018  0.001563 -0.000015  0.000032
 -0.001590 -0.000011 -0.000017  0.000027  0.000013 -0.000013 -0.000015  0.001627 -0.000010
 -0.001586 -0.000085  0.000053 -0.000003  0.000020  0.000041  0.000032 -0.000010  0.001572

SD matrix:

  0.117650  0.062015  0.046728  0.043190  0.040292  0.039181  0.039536  0.040335  0.039645

Computation thread exiting.
Thread 0 exiting.
Thread 1 exiting.
Thread 2 exiting.
