0,1,2,3,4,5,6,7,8
0.013453,-0.001652,-0.001415,-0.001484,-0.001323,-0.001630,-0.001495,-0.001500,-0.001544
-0.001652,0.003529,-0.001041,-0.000826,-0.000401,-0.000093,-0.000073,0.000065,-0.000037
-0.001415,-0.001041,0.002064,0.000423,0.000213,0.000056,0.000018,-0.000060,0.000034
-0.001484,-0.000826,0.000423,0.001792,0.000151,0.000117,0.000026,0.000014,0.000035
-0.001323,-0.000401,0.000213,0.000151,0.001565,0.000002,-0.000037,-0.000027,-0.000005
-0.001630,-0.000093,0.000056,0.000117,0.000002,0.001526,0.000041,-0.000018,0.000032
-0.001495,-0.000073,0.000018,0.000026,-0.000037,0.000041,0.001565,-0.000034,0.000023
-0.001500,0.000065,-0.000060,0.000014,-0.000027,-0.000018,-0.000034,0.001548,0.000010
-0.001544,-0.000037,0.000034,0.000035,-0.000005,0.000032,0.000023,0.000010,0.001456
