0,1,2,3,4,5,6,7,8
0.013424,-0.001506,-0.001450,-0.001474,-0.001641,-0.001580,-0.001479,-0.001499,-0.001349
-0.001506,0.003615,-0.001010,-0.000789,-0.000343,-0.000255,-0.000204,-0.000032,-0.000035
-0.001450,-0.001010,0.002009,0.000402,0.000188,0.000130,0.000083,-0.000046,-0.000007
-0.001474,-0.000789,0.000402,0.001817,0.000134,0.000097,0.000080,-0.000002,-0.000040
-0.001641,-0.000343,0.000188,0.000134,0.001598,0.000083,0.000063,0.000010,-0.000019
-0.001580,-0.000255,0.000130,0.000097,0.000083,0.001564,0.000042,-0.000001,-0.000011
-0.001479,-0.000204,0.000083,0.000080,0.000063,0.000042,0.001554,-0.000016,-0.000010
-0.001499,-0.000032,-0.000046,-0.000002,0.000010,-0.000001,-0.000016,0.001518,0.000014
-0.001349,-0.000035,-0.000007,-0.000040,-0.000019,-0.000011,-0.000010,0.000014,0.001452
