value: 1.0
Main thread exiting.
1: releasing data lock for iter 0
0: releasing data lock for iter 0
2: releasing data lock for iter 0
comp: client data available for iter 0
Iteration 0

 -0.049815088227
 -1.049908190087
 0.533390140292
 0.418089154438
 0.182042887079
 0.124028827092
 0.106293774432
 0.013752651715
 0.010467330597

comp: releasing beta1 lock for iter 0
value: 1.0499081900866165
0: sending beta1 for iter 0
2: sending beta1 for iter 0
1: sending beta1 for iter 0
1: releasing data lock for iter 1
0: releasing data lock for iter 1
2: releasing data lock for iter 1
comp: client data available for iter 1
Iteration 1

 -0.074735440550
 -1.623847352387
 0.825946722156
 0.642968554566
 0.280851732920
 0.196939197625
 0.162893031830
 0.021553728329
 0.013021405683

comp: releasing beta1 lock for iter 1
value: 0.5739391623003487
2: sending beta1 for iter 1
0: sending beta1 for iter 1
1: sending beta1 for iter 1
1: releasing data lock for iter 2
0: releasing data lock for iter 2
2: releasing data lock for iter 2
comp: client data available for iter 2
Iteration 2

 -0.088038969491
 -1.890081701689
 0.960356776472
 0.748526154907
 0.326458806320
 0.230261816488
 0.190645382709
 0.024334547499
 0.015228269972

comp: releasing beta1 lock for iter 2
value: 0.26623434930200385
1: sending beta1 for iter 2
2: sending beta1 for iter 2
0: sending beta1 for iter 2
1: releasing data lock for iter 3
0: releasing data lock for iter 3
2: releasing data lock for iter 3
comp: client data available for iter 3
Iteration 3

 -0.090329358438
 -1.932939262414
 0.981759125579
 0.765682475483
 0.333780969283
 0.235572408122
 0.195253270926
 0.024719129417
 0.015681546939

comp: releasing beta1 lock for iter 3
value: 0.04285756072476965
0: sending beta1 for iter 3
1: sending beta1 for iter 3
2: sending beta1 for iter 3
1: releasing data lock for iter 4
0: releasing data lock for iter 4
2: releasing data lock for iter 4
comp: client data available for iter 4
Iteration 4

 -0.090380148142
 -1.933861237002
 0.982215682694
 0.766054085388
 0.333937974405
 0.235686037653
 0.195353866633
 0.024726878684
 0.015692357894

comp: releasing beta1 lock for iter 4
1: sending beta1 for iter 4
value: 9.219745887032449E-4
2: sending beta1 for iter 4
0: sending beta1 for iter 4
1: releasing data lock for iter 5
0: releasing data lock for iter 5
2: releasing data lock for iter 5
comp: client data available for iter 5
Iteration 5

 -0.090380171268
 -1.933861649568
 0.982215885723
 0.766054252510
 0.333938044473
 0.235686088308
 0.195353912042
 0.024726882042
 0.015692363022

comp: releasing beta1 lock for iter 5
1: sending beta1 for iter 5
2: sending beta1 for iter 5
0: sending beta1 for iter 5
Total training time: 2.588s
value on exit: 4.1256548866108744E-7
Covariance matrix:

  0.013424 -0.001506 -0.001450 -0.001474 -0.001641 -0.001580 -0.001479 -0.001499 -0.001349
 -0.001506  0.003615 -0.001010 -0.000789 -0.000343 -0.000255 -0.000204 -0.000032 -0.000035
 -0.001450 -0.001010  0.002009  0.000402  0.000188  0.000130  0.000083 -0.000046 -0.000007
 -0.001474 -0.000789  0.000402  0.001817  0.000134  0.000097  0.000080 -0.000002 -0.000040
 -0.001641 -0.000343  0.000188  0.000134  0.001598  0.000083  0.000063  0.000010 -0.000019
 -0.001580 -0.000255  0.000130  0.000097  0.000083  0.001564  0.000042 -0.000001 -0.000011
 -0.001479 -0.000204  0.000083  0.000080  0.000063  0.000042  0.001554 -0.000016 -0.000010
 -0.001499 -0.000032 -0.000046 -0.000002  0.000010 -0.000001 -0.000016  0.001518  0.000014
 -0.001349 -0.000035 -0.000007 -0.000040 -0.000019 -0.000011 -0.000010  0.000014  0.001452

SD matrix:

  0.115863  0.060123  0.044817  0.042630  0.039970  0.039554  0.039415  0.038957  0.038110

Computation thread exiting.
Thread 1 exiting.
Thread 0 exiting.
Thread 2 exiting.
