0,1,2,3,4,5,6,7,8
0.013872,-0.001693,-0.001511,-0.001512,-0.001551,-0.001569,-0.001413,-0.001616,-0.001501
-0.001693,0.003668,-0.001046,-0.000873,-0.000414,-0.000172,-0.000044,-0.000017,0.000034
-0.001511,-0.001046,0.002035,0.000425,0.000232,0.000113,0.000002,0.000019,-0.000005
-0.001512,-0.000873,0.000425,0.001933,0.000144,0.000069,0.000027,0.000014,0.000026
-0.001551,-0.000414,0.000232,0.000144,0.001601,0.000035,0.000002,0.000063,-0.000033
-0.001569,-0.000172,0.000113,0.000069,0.000035,0.001560,0.000004,0.000011,-0.000018
-0.001413,-0.000044,0.000002,0.000027,0.000002,0.000004,0.001479,-0.000025,0.000021
-0.001616,-0.000017,0.000019,0.000014,0.000063,0.000011,-0.000025,0.001573,-0.000034
-0.001501,0.000034,-0.000005,0.000026,-0.000033,-0.000018,0.000021,-0.000034,0.001512
