0,1,2,3,4,5,6,7,8
0.013292,-0.001401,-0.001456,-0.001338,-0.001493,-0.001580,-0.001506,-0.001494,-0.001458
-0.001401,0.003599,-0.001030,-0.000878,-0.000444,-0.000218,-0.000005,-0.000002,-0.000064
-0.001456,-0.001030,0.002061,0.000432,0.000188,0.000049,-0.000024,-0.000048,-0.000001
-0.001338,-0.000878,0.000432,0.001810,0.000164,0.000078,-0.000068,-0.000010,0.000002
-0.001493,-0.000444,0.000188,0.000164,0.001630,0.000054,-0.000009,0.000018,-0.000018
-0.001580,-0.000218,0.000049,0.000078,0.000054,0.001581,0.000019,0.000011,0.000026
-0.001506,-0.000005,-0.000024,-0.000068,-0.000009,0.000019,0.001529,0.000028,0.000010
-0.001494,-0.000002,-0.000048,-0.000010,0.000018,0.000011,0.000028,0.001520,-0.000038
-0.001458,-0.000064,-0.000001,0.000002,-0.000018,0.000026,0.000010,-0.000038,0.001553
