value: 1.0
Main thread exiting.
1: releasing data lock for iter 0
0: releasing data lock for iter 0
2: releasing data lock for iter 0
comp: client data available for iter 0
Iteration 0

 0.010833835138
 -1.063765147098
 0.522853920236
 0.465642987835
 0.214569591319
 0.097470498708
 0.007999564102
 -0.014492176429
 0.022351075424

comp: releasing beta1 lock for iter 0
value: 1.0637651470982437
1: sending beta1 for iter 0
2: sending beta1 for iter 0
0: sending beta1 for iter 0
1: releasing data lock for iter 1
0: releasing data lock for iter 1
2: releasing data lock for iter 1
comp: client data available for iter 1
Iteration 1

 -0.002113498391
 -1.636554264456
 0.805106324738
 0.711305823837
 0.331543590962
 0.150656674752
 0.013455137881
 -0.020327791308
 0.037835123911

comp: releasing beta1 lock for iter 1
value: 0.5727891173580411
2: sending beta1 for iter 1
0: sending beta1 for iter 1
1: sending beta1 for iter 1
1: releasing data lock for iter 2
0: releasing data lock for iter 2
2: releasing data lock for iter 2
comp: client data available for iter 2
Iteration 2

 -0.002857422385
 -1.899722808349
 0.934228151243
 0.822771980861
 0.384048294016
 0.173860148944
 0.012680036508
 -0.024739690364
 0.047294852701

comp: releasing beta1 lock for iter 2
value: 0.26316854389234234
1: sending beta1 for iter 2
2: sending beta1 for iter 2
0: sending beta1 for iter 2
1: releasing data lock for iter 3
0: releasing data lock for iter 3
2: releasing data lock for iter 3
comp: client data available for iter 3
Iteration 3

 -0.002271531765
 -1.941190776360
 0.954561430949
 0.840207788339
 0.392195976633
 0.177391934794
 0.012121946092
 -0.025600073558
 0.049029057548

comp: releasing beta1 lock for iter 3
value: 0.041467968011605016
1: sending beta1 for iter 3
0: sending beta1 for iter 3
2: sending beta1 for iter 3
1: releasing data lock for iter 4
0: releasing data lock for iter 4
2: releasing data lock for iter 4
comp: client data available for iter 4
Iteration 4

 -0.002249441986
 -1.942046860795
 0.954981517863
 0.840566257319
 0.392362667236
 0.177463308437
 0.012103826666
 -0.025619838377
 0.049068091797

comp: releasing beta1 lock for iter 4
1: sending beta1 for iter 4
value: 8.560844351619412E-4
0: sending beta1 for iter 4
2: sending beta1 for iter 4
1: releasing data lock for iter 5
0: releasing data lock for iter 5
2: releasing data lock for iter 5
comp: client data available for iter 5
Iteration 5

 -0.002249429834
 -1.942047214320
 0.954981691484
 0.840566404959
 0.392362735635
 0.177463337437
 0.012103817179
 -0.025619847110
 0.049068108848

comp: releasing beta1 lock for iter 5
1: sending beta1 for iter 5
0: sending beta1 for iter 5
2: sending beta1 for iter 5
Total training time: 2.559s
value on exit: 3.53524566509833E-7
Covariance matrix:

  0.013292 -0.001401 -0.001456 -0.001338 -0.001493 -0.001580 -0.001506 -0.001494 -0.001458
 -0.001401  0.003599 -0.001030 -0.000878 -0.000444 -0.000218 -0.000005 -0.000002 -0.000064
 -0.001456 -0.001030  0.002061  0.000432  0.000188  0.000049 -0.000024 -0.000048 -0.000001
 -0.001338 -0.000878  0.000432  0.001810  0.000164  0.000078 -0.000068 -0.000010  0.000002
 -0.001493 -0.000444  0.000188  0.000164  0.001630  0.000054 -0.000009  0.000018 -0.000018
 -0.001580 -0.000218  0.000049  0.000078  0.000054  0.001581  0.000019  0.000011  0.000026
 -0.001506 -0.000005 -0.000024 -0.000068 -0.000009  0.000019  0.001529  0.000028  0.000010
 -0.001494 -0.000002 -0.000048 -0.000010  0.000018  0.000011  0.000028  0.001520 -0.000038
 -0.001458 -0.000064 -0.000001  0.000002 -0.000018  0.000026  0.000010 -0.000038  0.001553

SD matrix:

  0.115293  0.059992  0.045396  0.042549  0.040368  0.039766  0.039108  0.038986  0.039409

Computation thread exiting.
Thread 1 exiting.
Thread 2 exiting.
Thread 0 exiting.
