0,1,2,3,4,5,6,7,8
0.013744,-0.001468,-0.001484,-0.001565,-0.001445,-0.001621,-0.001504,-0.001559,-0.001628
-0.001468,0.003585,-0.001058,-0.000782,-0.000436,-0.000223,-0.000089,-0.000077,-0.000018
-0.001484,-0.001058,0.002045,0.000418,0.000210,0.000076,0.000036,-0.000020,0.000018
-0.001565,-0.000782,0.000418,0.001856,0.000153,0.000062,0.000022,0.000032,0.000019
-0.001445,-0.000436,0.000210,0.000153,0.001637,0.000090,0.000002,-0.000016,-0.000041
-0.001621,-0.000223,0.000076,0.000062,0.000090,0.001597,0.000020,0.000045,0.000052
-0.001504,-0.000089,0.000036,0.000022,0.000002,0.000020,0.001547,0.000010,0.000010
-0.001559,-0.000077,-0.000020,0.000032,-0.000016,0.000045,0.000010,0.001588,-0.000012
-0.001628,-0.000018,0.000018,0.000019,-0.000041,0.000052,0.000010,-0.000012,0.001591
