0,1,2,3,4,5,6,7,8
0.013924,-0.001319,-0.001664,-0.001537,-0.001612,-0.001686,-0.001588,-0.001586,-0.001509
-0.001319,0.003544,-0.001079,-0.000832,-0.000452,-0.000243,-0.000168,-0.000043,0.000047
-0.001664,-0.001079,0.002142,0.000476,0.000209,0.000168,0.000095,0.000018,-0.000027
-0.001537,-0.000832,0.000476,0.001868,0.000155,0.000078,0.000050,0.000028,-0.000025
-0.001612,-0.000452,0.000209,0.000155,0.001632,0.000100,0.000083,-0.000008,-0.000031
-0.001686,-0.000243,0.000168,0.000078,0.000100,0.001604,-0.000000,0.000028,-0.000005
-0.001588,-0.000168,0.000095,0.000050,0.000083,-0.000000,0.001515,0.000017,0.000022
-0.001586,-0.000043,0.000018,0.000028,-0.000008,0.000028,0.000017,0.001513,0.000038
-0.001509,0.000047,-0.000027,-0.000025,-0.000031,-0.000005,0.000022,0.000038,0.001506
