0,1,2,3,4,5,6,7,8
0.013298,-0.001625,-0.001540,-0.001529,-0.001453,-0.001367,-0.001432,-0.001492,-0.001484
-0.001625,0.003851,-0.001093,-0.000940,-0.000438,-0.000193,-0.000181,-0.000031,0.000064
-0.001540,-0.001093,0.002221,0.000489,0.000187,0.000006,0.000106,0.000018,-0.000072
-0.001529,-0.000940,0.000489,0.001920,0.000170,0.000047,0.000076,0.000022,0.000003
-0.001453,-0.000438,0.000187,0.000170,0.001626,0.000048,-0.000001,-0.000003,-0.000012
-0.001367,-0.000193,0.000006,0.000047,0.000048,0.001597,-0.000012,-0.000000,-0.000028
-0.001432,-0.000181,0.000106,0.000076,-0.000001,-0.000012,0.001579,-0.000022,-0.000017
-0.001492,-0.000031,0.000018,0.000022,-0.000003,-0.000000,-0.000022,0.001515,-0.000011
-0.001484,0.000064,-0.000072,0.000003,-0.000012,-0.000028,-0.000017,-0.000011,0.001563
