0,1,2,3,4,5,6,7,8
0.013545,-0.001648,-0.001383,-0.001610,-0.001533,-0.001458,-0.001545,-0.001395,-0.001515
-0.001648,0.003635,-0.001061,-0.000803,-0.000485,-0.000172,-0.000026,0.000026,-0.000032
-0.001383,-0.001061,0.001995,0.000448,0.000269,0.000059,-0.000022,-0.000020,0.000002
-0.001610,-0.000803,0.000448,0.001865,0.000185,0.000078,0.000024,-0.000030,0.000022
-0.001533,-0.000485,0.000269,0.000185,0.001660,0.000063,0.000042,-0.000024,-0.000023
-0.001458,-0.000172,0.000059,0.000078,0.000063,0.001549,-0.000001,-0.000025,-0.000004
-0.001545,-0.000026,-0.000022,0.000024,0.000042,-0.000001,0.001571,-0.000015,-0.000023
-0.001395,0.000026,-0.000020,-0.000030,-0.000024,-0.000025,-0.000015,0.001529,-0.000006
-0.001515,-0.000032,0.000002,0.000022,-0.000023,-0.000004,-0.000023,-0.000006,0.001574
