0,1,2,3,4,5,6,7,8
0.014136,-0.001570,-0.001410,-0.001623,-0.001630,-0.001618,-0.001495,-0.001740,-0.001545
-0.001570,0.003735,-0.001181,-0.000937,-0.000415,-0.000210,-0.000130,0.000114,-0.000019
-0.001410,-0.001181,0.002098,0.000509,0.000208,0.000095,0.000018,-0.000042,0.000041
-0.001623,-0.000937,0.000509,0.002076,0.000145,0.000103,0.000031,0.000004,-0.000013
-0.001630,-0.000415,0.000208,0.000145,0.001645,0.000043,0.000017,0.000033,0.000035
-0.001618,-0.000210,0.000095,0.000103,0.000043,0.001635,0.000020,0.000004,-0.000016
-0.001495,-0.000130,0.000018,0.000031,0.000017,0.000020,0.001573,-0.000012,-0.000019
-0.001740,0.000114,-0.000042,0.000004,0.000033,0.000004,-0.000012,0.001630,0.000003
-0.001545,-0.000019,0.000041,-0.000013,0.000035,-0.000016,-0.000019,0.000003,0.001586
