0,1,2,3,4,5,6,7,8
0.014148,-0.001483,-0.001657,-0.001730,-0.001665,-0.001543,-0.001645,-0.001560,-0.001531
-0.001483,0.003867,-0.001278,-0.000908,-0.000391,-0.000277,-0.000135,-0.000072,-0.000013
-0.001657,-0.001278,0.002250,0.000512,0.000235,0.000146,0.000111,0.000041,0.000022
-0.001730,-0.000908,0.000512,0.001925,0.000217,0.000183,0.000048,0.000035,0.000027
-0.001665,-0.000391,0.000235,0.000217,0.001647,0.000072,0.000029,-0.000001,0.000010
-0.001543,-0.000277,0.000146,0.000183,0.000072,0.001547,0.000011,-0.000003,-0.000024
-0.001645,-0.000135,0.000111,0.000048,0.000029,0.000011,0.001571,0.000045,0.000021
-0.001560,-0.000072,0.000041,0.000035,-0.000001,-0.000003,0.000045,0.001594,-0.000041
-0.001531,-0.000013,0.000022,0.000027,0.000010,-0.000024,0.000021,-0.000041,0.001548
