0,1,2,3,4,5,6,7,8
0.013916,-0.001427,-0.001620,-0.001518,-0.001506,-0.001569,-0.001570,-0.001620,-0.001560
-0.001427,0.003836,-0.001090,-0.000991,-0.000553,-0.000215,-0.000099,0.000012,0.000036
-0.001620,-0.001090,0.002066,0.000467,0.000217,0.000105,0.000049,0.000056,0.000006
-0.001518,-0.000991,0.000467,0.001887,0.000186,0.000131,0.000043,0.000009,-0.000023
-0.001506,-0.000553,0.000217,0.000186,0.001676,0.000076,0.000061,-0.000019,0.000003
-0.001569,-0.000215,0.000105,0.000131,0.000076,0.001609,-0.000021,-0.000037,-0.000033
-0.001570,-0.000099,0.000049,0.000043,0.000061,-0.000021,0.001572,-0.000005,-0.000037
-0.001620,0.000012,0.000056,0.000009,-0.000019,-0.000037,-0.000005,0.001594,0.000001
-0.001560,0.000036,0.000006,-0.000023,0.000003,-0.000033,-0.000037,0.000001,0.001588
