0,1,2,3,4,5,6,7,8
0.013982,-0.001779,-0.001411,-0.001440,-0.001425,-0.001474,-0.001569,-0.001599,-0.001655
-0.001779,0.003722,-0.001077,-0.000800,-0.000463,-0.000185,-0.000139,-0.000005,0.000037
-0.001411,-0.001077,0.001995,0.000372,0.000189,0.000152,0.000071,0.000014,-0.000007
-0.001440,-0.000800,0.000372,0.001804,0.000140,0.000071,0.000016,0.000037,0.000040
-0.001425,-0.000463,0.000189,0.000140,0.001597,0.000008,0.000040,0.000038,-0.000016
-0.001474,-0.000185,0.000152,0.000071,0.000008,0.001487,-0.000014,-0.000009,0.000009
-0.001569,-0.000139,0.000071,0.000016,0.000040,-0.000014,0.001600,0.000013,0.000018
-0.001599,-0.000005,0.000014,0.000037,0.000038,-0.000009,0.000013,0.001544,-0.000004
-0.001655,0.000037,-0.000007,0.000040,-0.000016,0.000009,0.000018,-0.000004,0.001586
