0,1,2,3,4,5,6,7,8
0.013990,-0.001380,-0.001748,-0.001508,-0.001622,-0.001565,-0.001522,-0.001615,-0.001608
-0.001380,0.003812,-0.001149,-0.000982,-0.000376,-0.000253,-0.000099,-0.000001,-0.000132
-0.001748,-0.001149,0.002167,0.000512,0.000171,0.000091,0.000104,0.000022,0.000104
-0.001508,-0.000982,0.000512,0.001980,0.000149,0.000115,0.000014,-0.000023,-0.000004
-0.001622,-0.000376,0.000171,0.000149,0.001661,0.000034,0.000034,-0.000002,0.000059
-0.001565,-0.000253,0.000091,0.000115,0.000034,0.001587,0.000000,0.000025,0.000008
-0.001522,-0.000099,0.000104,0.000014,0.000034,0.000000,0.001525,-0.000001,0.000010
-0.001615,-0.000001,0.000022,-0.000023,-0.000002,0.000025,-0.000001,0.001605,-0.000006
-0.001608,-0.000132,0.000104,-0.000004,0.000059,0.000008,0.000010,-0.000006,0.001615
