value: 1.0
Main thread exiting.
0: releasing data lock for iter 0
1: releasing data lock for iter 0
2: releasing data lock for iter 0
comp: client data available for iter 0
Iteration 0

 0.013666728780
 -1.066350410916
 0.521384516524
 0.432559092784
 0.158600098154
 0.096771216026
 0.057261305865
 0.015413959798
 0.042345525548

comp: releasing beta1 lock for iter 0
value: 1.0663504109162936
1: sending beta1 for iter 0
0: sending beta1 for iter 0
2: sending beta1 for iter 0
0: releasing data lock for iter 1
1: releasing data lock for iter 1
2: releasing data lock for iter 1
comp: client data available for iter 1
Iteration 1

 -0.009479248145
 -1.667596731718
 0.820207310057
 0.683446908896
 0.256017696900
 0.159924826854
 0.084004994581
 0.019139771904
 0.073409047711

comp: releasing beta1 lock for iter 1
value: 0.6012463208019154
2: sending beta1 for iter 1
0: sending beta1 for iter 1
1: sending beta1 for iter 1
0: releasing data lock for iter 2
1: releasing data lock for iter 2
2: releasing data lock for iter 2
comp: client data available for iter 2
Iteration 2

 -0.026739964514
 -1.969003951928
 0.971083133254
 0.811511313020
 0.306340151700
 0.192420712724
 0.097438660638
 0.020649709080
 0.090613070613

comp: releasing beta1 lock for iter 2
value: 0.30140722020957855
0: sending beta1 for iter 2
2: sending beta1 for iter 2
1: sending beta1 for iter 2
0: releasing data lock for iter 3
1: releasing data lock for iter 3
2: releasing data lock for iter 3
comp: client data available for iter 3
Iteration 3

 -0.030569740725
 -2.025276455071
 0.999403139757
 0.835710683820
 0.315879564617
 0.198498549499
 0.100079460235
 0.020880326556
 0.094008206305

comp: releasing beta1 lock for iter 3
0: sending beta1 for iter 3
2: sending beta1 for iter 3
1: sending beta1 for iter 3
value: 0.056272503142940966
0: releasing data lock for iter 4
1: releasing data lock for iter 4
2: releasing data lock for iter 4
comp: client data available for iter 4
Iteration 4

 -0.030689761804
 -2.026873636606
 1.000210193314
 0.836403182107
 0.316152502822
 0.198670750902
 0.100157917188
 0.020886096155
 0.094107894070

comp: releasing beta1 lock for iter 4
value: 0.0015971815354207664
0: sending beta1 for iter 4
2: sending beta1 for iter 4
1: sending beta1 for iter 4
0: releasing data lock for iter 5
1: releasing data lock for iter 5
2: releasing data lock for iter 5
comp: client data available for iter 5
Iteration 5

 -0.030689861140
 -2.026874872819
 1.000210819802
 0.836403721237
 0.316152715246
 0.198670884022
 0.100157979904
 0.020886100205
 0.094107973181

comp: releasing beta1 lock for iter 5
0: sending beta1 for iter 5
2: sending beta1 for iter 5
1: sending beta1 for iter 5
value: 1.2362129910847841E-6
0: releasing data lock for iter 6
1: releasing data lock for iter 6
2: releasing data lock for iter 6
comp: client data available for iter 6
Iteration 6

 -0.030689861140
 -2.026874872820
 1.000210819802
 0.836403721237
 0.316152715246
 0.198670884022
 0.100157979904
 0.020886100205
 0.094107973182

comp: releasing beta1 lock for iter 6
0: sending beta1 for iter 6
2: sending beta1 for iter 6
1: sending beta1 for iter 6
Total training time: 2.926s
value on exit: 7.420730696594546E-13
Covariance matrix:

  0.013990 -0.001380 -0.001748 -0.001508 -0.001622 -0.001565 -0.001522 -0.001615 -0.001608
 -0.001380  0.003812 -0.001149 -0.000982 -0.000376 -0.000253 -0.000099 -0.000001 -0.000132
 -0.001748 -0.001149  0.002167  0.000512  0.000171  0.000091  0.000104  0.000022  0.000104
 -0.001508 -0.000982  0.000512  0.001980  0.000149  0.000115  0.000014 -0.000023 -0.000004
 -0.001622 -0.000376  0.000171  0.000149  0.001661  0.000034  0.000034 -0.000002  0.000059
 -0.001565 -0.000253  0.000091  0.000115  0.000034  0.001587  0.000000  0.000025  0.000008
 -0.001522 -0.000099  0.000104  0.000014  0.000034  0.000000  0.001525 -0.000001  0.000010
 -0.001615 -0.000001  0.000022 -0.000023 -0.000002  0.000025 -0.000001  0.001605 -0.000006
 -0.001608 -0.000132  0.000104 -0.000004  0.000059  0.000008  0.000010 -0.000006  0.001615

SD matrix:

  0.118280  0.061738  0.046547  0.044497  0.040757  0.039832  0.039048  0.040059  0.040187

Computation thread exiting.
Thread 0 exiting.
Thread 2 exiting.
Thread 1 exiting.
