0,1,2,3,4,5,6,7,8
0.013763,-0.001738,-0.001473,-0.001477,-0.001629,-0.001477,-0.001568,-0.001477,-0.001475
-0.001738,0.003619,-0.001044,-0.000893,-0.000385,-0.000191,-0.000069,0.000056,0.000037
-0.001473,-0.001044,0.002070,0.000442,0.000210,0.000133,0.000062,-0.000063,-0.000034
-0.001477,-0.000893,0.000442,0.001921,0.000174,0.000098,0.000047,-0.000031,-0.000010
-0.001629,-0.000385,0.000210,0.000174,0.001619,0.000054,0.000030,0.000002,0.000020
-0.001477,-0.000191,0.000133,0.000098,0.000054,0.001531,-0.000016,-0.000022,-0.000012
-0.001568,-0.000069,0.000062,0.000047,0.000030,-0.000016,0.001527,0.000000,-0.000006
-0.001477,0.000056,-0.000063,-0.000031,0.000002,-0.000022,0.000000,0.001496,0.000017
-0.001475,0.000037,-0.000034,-0.000010,0.000020,-0.000012,-0.000006,0.000017,0.001512
