value: 1.0
Main thread exiting.
0: releasing data lock for iter 0
1: releasing data lock for iter 0
2: releasing data lock for iter 0
comp: client data available for iter 0
Iteration 0

 0.131772861225
 -1.025619429442
 0.524078115873
 0.438269957356
 0.192830141347
 0.089184757818
 0.016084388868
 -0.031838912850
 -0.028592640286

comp: releasing beta1 lock for iter 0
value: 1.02561942944174
1: sending beta1 for iter 0
0: sending beta1 for iter 0
2: sending beta1 for iter 0
0: releasing data lock for iter 1
1: releasing data lock for iter 1
2: releasing data lock for iter 1
comp: client data available for iter 1
Iteration 1

 0.198133419499
 -1.598048072539
 0.812618935930
 0.686104533980
 0.300039689612
 0.140841651898
 0.028643275332
 -0.054846921342
 -0.044089866046

comp: releasing beta1 lock for iter 1
value: 0.5724286430972816
2: sending beta1 for iter 1
1: sending beta1 for iter 1
0: sending beta1 for iter 1
0: releasing data lock for iter 2
1: releasing data lock for iter 2
2: releasing data lock for iter 2
comp: client data available for iter 2
Iteration 2

 0.225579308191
 -1.877641083475
 0.951890625301
 0.807561416486
 0.353617522599
 0.168165552803
 0.037055573454
 -0.066559010913
 -0.050885800860

comp: releasing beta1 lock for iter 2
value: 0.2795930109359448
2: sending beta1 for iter 2
1: sending beta1 for iter 2
0: sending beta1 for iter 2
0: releasing data lock for iter 3
1: releasing data lock for iter 3
2: releasing data lock for iter 3
comp: client data available for iter 3
Iteration 3

 0.229605459731
 -1.926720764952
 0.976281974579
 0.828936718475
 0.363213063898
 0.173169671251
 0.038863095242
 -0.068636048617
 -0.051911123899

comp: releasing beta1 lock for iter 3
value: 0.04907968147701225
2: sending beta1 for iter 3
1: sending beta1 for iter 3
0: sending beta1 for iter 3
0: releasing data lock for iter 4
1: releasing data lock for iter 4
2: releasing data lock for iter 4
comp: client data available for iter 4
Iteration 4

 0.229692488320
 -1.927958723846
 0.976897608429
 0.829476647374
 0.363458595552
 0.173298797227
 0.038914375549
 -0.068688590626
 -0.051933326200

comp: releasing beta1 lock for iter 4
0: sending beta1 for iter 4
value: 0.0012379588937281305
2: sending beta1 for iter 4
1: sending beta1 for iter 4
0: releasing data lock for iter 5
1: releasing data lock for iter 5
2: releasing data lock for iter 5
comp: client data available for iter 5
Iteration 5

 0.229692535692
 -1.927959482842
 0.976897986208
 0.829476978668
 0.363458747529
 0.173298877479
 0.038914409308
 -0.068688622865
 -0.051933338187

comp: releasing beta1 lock for iter 5
0: sending beta1 for iter 5
2: sending beta1 for iter 5
1: sending beta1 for iter 5
Total training time: 2.571s
value on exit: 7.589961450449323E-7
Covariance matrix:

  0.013763 -0.001738 -0.001473 -0.001477 -0.001629 -0.001477 -0.001568 -0.001477 -0.001475
 -0.001738  0.003619 -0.001044 -0.000893 -0.000385 -0.000191 -0.000069  0.000056  0.000037
 -0.001473 -0.001044  0.002070  0.000442  0.000210  0.000133  0.000062 -0.000063 -0.000034
 -0.001477 -0.000893  0.000442  0.001921  0.000174  0.000098  0.000047 -0.000031 -0.000010
 -0.001629 -0.000385  0.000210  0.000174  0.001619  0.000054  0.000030  0.000002  0.000020
 -0.001477 -0.000191  0.000133  0.000098  0.000054  0.001531 -0.000016 -0.000022 -0.000012
 -0.001568 -0.000069  0.000062  0.000047  0.000030 -0.000016  0.001527  0.000000 -0.000006
 -0.001477  0.000056 -0.000063 -0.000031  0.000002 -0.000022  0.000000  0.001496  0.000017
 -0.001475  0.000037 -0.000034 -0.000010  0.000020 -0.000012 -0.000006  0.000017  0.001512

SD matrix:

  0.117315  0.060158  0.045495  0.043827  0.040239  0.039134  0.039083  0.038673  0.038888

Computation thread exiting.
Thread 0 exiting.
Thread 1 exiting.
Thread 2 exiting.
