0,1,2,3,4,5,6,7,8
0.014292,-0.001750,-0.001644,-0.001501,-0.001671,-0.001599,-0.001544,-0.001541,-0.001455
-0.001750,0.003978,-0.001218,-0.000948,-0.000566,-0.000248,-0.000089,0.000102,0.000010
-0.001644,-0.001218,0.002178,0.000485,0.000321,0.000140,0.000064,-0.000002,0.000005
-0.001501,-0.000948,0.000485,0.002030,0.000227,0.000120,0.000021,-0.000095,-0.000023
-0.001671,-0.000566,0.000321,0.000227,0.001750,0.000061,0.000027,-0.000032,0.000010
-0.001599,-0.000248,0.000140,0.000120,0.000061,0.001678,-0.000030,-0.000003,-0.000035
-0.001544,-0.000089,0.000064,0.000021,0.000027,-0.000030,0.001630,-0.000027,-0.000017
-0.001541,0.000102,-0.000002,-0.000095,-0.000032,-0.000003,-0.000027,0.001627,-0.000050
-0.001455,0.000010,0.000005,-0.000023,0.000010,-0.000035,-0.000017,-0.000050,0.001586
