value: 1.0
Main thread exiting.
0: releasing data lock for iter 0
2: releasing data lock for iter 0
1: releasing data lock for iter 0
comp: client data available for iter 0
Iteration 0

 0.015591980092
 -1.062207819414
 0.532389817916
 0.424043220902
 0.229568291223
 0.107956891025
 0.054481939794
 -0.032986258931
 0.023555043155

comp: releasing beta1 lock for iter 0
value: 1.0622078194144762
0: sending beta1 for iter 0
1: sending beta1 for iter 0
2: sending beta1 for iter 0
0: releasing data lock for iter 1
2: releasing data lock for iter 1
1: releasing data lock for iter 1
comp: client data available for iter 1
Iteration 1

 0.014175726601
 -1.669066955139
 0.846235495393
 0.675104340082
 0.368587043118
 0.172741384106
 0.083732462963
 -0.057488272312
 0.030598103648

comp: releasing beta1 lock for iter 1
0: sending beta1 for iter 1
1: sending beta1 for iter 1
value: 0.6068591357245712
2: sending beta1 for iter 1
0: releasing data lock for iter 2
2: releasing data lock for iter 2
1: releasing data lock for iter 2
comp: client data available for iter 2
Iteration 2

 0.017920006560
 -1.991335267067
 1.010910490164
 0.808006934130
 0.444352194913
 0.207571603322
 0.098790193012
 -0.070365607552
 0.032247314094

comp: releasing beta1 lock for iter 2
value: 0.32226831192759353
2: sending beta1 for iter 2
0: sending beta1 for iter 2
1: sending beta1 for iter 2
0: releasing data lock for iter 3
2: releasing data lock for iter 3
1: releasing data lock for iter 3
comp: client data available for iter 3
Iteration 3

 0.019543136557
 -2.058522968948
 1.044814667323
 0.835550949075
 0.460280386388
 0.214891076834
 0.101859648153
 -0.072971915702
 0.032296796694

comp: releasing beta1 lock for iter 3
value: 0.06718770188140843
2: sending beta1 for iter 3
0: sending beta1 for iter 3
1: sending beta1 for iter 3
0: releasing data lock for iter 4
2: releasing data lock for iter 4
1: releasing data lock for iter 4
comp: client data available for iter 4
Iteration 4

 0.019621632522
 -2.060849100046
 1.045977754181
 0.836500327599
 0.460832431263
 0.215145718806
 0.101964000568
 -0.073060464354
 0.032291406943

comp: releasing beta1 lock for iter 4
0: sending beta1 for iter 4
1: sending beta1 for iter 4
2: sending beta1 for iter 4
value: 0.0023261310983273553
0: releasing data lock for iter 5
2: releasing data lock for iter 5
1: releasing data lock for iter 5
comp: client data available for iter 5
Iteration 5

 0.019621739908
 -2.060851741111
 1.045979066211
 0.836501402199
 0.460833057859
 0.215146008880
 0.101964117483
 -0.073060563722
 0.032291395160

comp: releasing beta1 lock for iter 5
0: sending beta1 for iter 5
1: sending beta1 for iter 5
2: sending beta1 for iter 5
value: 2.6410641296159554E-6
0: releasing data lock for iter 6
2: releasing data lock for iter 6
1: releasing data lock for iter 6
comp: client data available for iter 6
Iteration 6

 0.019621739908
 -2.060851741114
 1.045979066213
 0.836501402200
 0.460833057860
 0.215146008880
 0.101964117484
 -0.073060563722
 0.032291395160

comp: releasing beta1 lock for iter 6
0: sending beta1 for iter 6
1: sending beta1 for iter 6
2: sending beta1 for iter 6
Total training time: 2.649s
value on exit: 3.3941738308840286E-12
Covariance matrix:

  0.014292 -0.001750 -0.001644 -0.001501 -0.001671 -0.001599 -0.001544 -0.001541 -0.001455
 -0.001750  0.003978 -0.001218 -0.000948 -0.000566 -0.000248 -0.000089  0.000102  0.000010
 -0.001644 -0.001218  0.002178  0.000485  0.000321  0.000140  0.000064 -0.000002  0.000005
 -0.001501 -0.000948  0.000485  0.002030  0.000227  0.000120  0.000021 -0.000095 -0.000023
 -0.001671 -0.000566  0.000321  0.000227  0.001750  0.000061  0.000027 -0.000032  0.000010
 -0.001599 -0.000248  0.000140  0.000120  0.000061  0.001678 -0.000030 -0.000003 -0.000035
 -0.001544 -0.000089  0.000064  0.000021  0.000027 -0.000030  0.001630 -0.000027 -0.000017
 -0.001541  0.000102 -0.000002 -0.000095 -0.000032 -0.000003 -0.000027  0.001627 -0.000050
 -0.001455  0.000010  0.000005 -0.000023  0.000010 -0.000035 -0.000017 -0.000050  0.001586

SD matrix:

  0.119548  0.063070  0.046673  0.045053  0.041832  0.040957  0.040374  0.040334  0.039827

Computation thread exiting.
Thread 2 exiting.
Thread 0 exiting.
Thread 1 exiting.
