0,1,2,3,4,5,6,7,8
0.014809,-0.001835,-0.001594,-0.001601,-0.001647,-0.001703,-0.001477,-0.001697,-0.001643
-0.001835,0.004222,-0.001117,-0.000945,-0.000436,-0.000245,-0.000226,-0.000015,-0.000061
-0.001594,-0.001117,0.002105,0.000464,0.000210,0.000077,0.000093,0.000025,0.000007
-0.001601,-0.000945,0.000464,0.001976,0.000147,0.000084,0.000080,0.000013,0.000024
-0.001647,-0.000436,0.000210,0.000147,0.001634,0.000063,-0.000005,0.000075,0.000039
-0.001703,-0.000245,0.000077,0.000084,0.000063,0.001717,0.000018,0.000023,0.000009
-0.001477,-0.000226,0.000093,0.000080,-0.000005,0.000018,0.001592,-0.000024,-0.000005
-0.001697,-0.000015,0.000025,0.000013,0.000075,0.000023,-0.000024,0.001624,0.000022
-0.001643,-0.000061,0.000007,0.000024,0.000039,0.000009,-0.000005,0.000022,0.001659
