value: 1.0
Main thread exiting.
0: releasing data lock for iter 0
1: releasing data lock for iter 0
2: releasing data lock for iter 0
comp: client data available for iter 0
Iteration 0

 0.172296161733
 -1.096453466580
 0.466317937911
 0.408997464715
 0.182241199570
 0.102204448330
 0.057720766734
 -0.000083049574
 0.000742921390

comp: releasing beta1 lock for iter 0
value: 1.096453466580167
1: sending beta1 for iter 0
0: sending beta1 for iter 0
2: sending beta1 for iter 0
0: releasing data lock for iter 1
1: releasing data lock for iter 1
2: releasing data lock for iter 1
comp: client data available for iter 1
Iteration 1

 0.224974679068
 -1.737621789034
 0.749844626989
 0.645863976659
 0.293774807360
 0.165330505420
 0.095412099188
 0.004885695723
 0.015651669868

comp: releasing beta1 lock for iter 1
value: 0.6411683224543223
1: sending beta1 for iter 1
0: sending beta1 for iter 1
2: sending beta1 for iter 1
0: releasing data lock for iter 2
1: releasing data lock for iter 2
2: releasing data lock for iter 2
comp: client data available for iter 2
Iteration 2

 0.248115129629
 -2.080710603501
 0.900034336818
 0.772317054352
 0.353694060404
 0.199290214442
 0.115051040458
 0.009573981375
 0.028481547155

comp: releasing beta1 lock for iter 2
value: 0.3430888144665254
2: sending beta1 for iter 2
1: sending beta1 for iter 2
0: sending beta1 for iter 2
0: releasing data lock for iter 3
1: releasing data lock for iter 3
2: releasing data lock for iter 3
comp: client data available for iter 3
Iteration 3

 0.252873995380
 -2.152857055985
 0.931201607532
 0.798945391173
 0.366262253969
 0.206292937716
 0.119195847652
 0.010763241102
 0.031740119888

comp: releasing beta1 lock for iter 3
value: 0.07214645248387042
2: sending beta1 for iter 3
1: sending beta1 for iter 3
0: sending beta1 for iter 3
0: releasing data lock for iter 4
1: releasing data lock for iter 4
2: releasing data lock for iter 4
comp: client data available for iter 4
Iteration 4

 0.253043722162
 -2.155396246630
 0.932287899174
 0.799884141041
 0.366703202257
 0.206534861525
 0.119344078055
 0.010808755552
 0.031865917696

comp: releasing beta1 lock for iter 4
value: 0.002539190645090894
0: sending beta1 for iter 4
1: sending beta1 for iter 4
2: sending beta1 for iter 4
0: releasing data lock for iter 5
1: releasing data lock for iter 5
2: releasing data lock for iter 5
comp: client data available for iter 5
Iteration 5

 0.253043924005
 -2.155399227719
 0.932289165892
 0.799885244615
 0.366703718595
 0.206535141521
 0.119344254375
 0.010808811865
 0.031866074058

comp: releasing beta1 lock for iter 5
0: sending beta1 for iter 5
2: sending beta1 for iter 5
1: sending beta1 for iter 5
value: 2.9810889556891595E-6
0: releasing data lock for iter 6
1: releasing data lock for iter 6
2: releasing data lock for iter 6
comp: client data available for iter 6
Iteration 6

 0.253043924005
 -2.155399227723
 0.932289165893
 0.799885244616
 0.366703718596
 0.206535141522
 0.119344254376
 0.010808811865
 0.031866074059

comp: releasing beta1 lock for iter 6
0: sending beta1 for iter 6
2: sending beta1 for iter 6
1: sending beta1 for iter 6
Total training time: 3.138s
value on exit: 4.101163852965328E-12
Covariance matrix:

  0.014809 -0.001835 -0.001594 -0.001601 -0.001647 -0.001703 -0.001477 -0.001697 -0.001643
 -0.001835  0.004222 -0.001117 -0.000945 -0.000436 -0.000245 -0.000226 -0.000015 -0.000061
 -0.001594 -0.001117  0.002105  0.000464  0.000210  0.000077  0.000093  0.000025  0.000007
 -0.001601 -0.000945  0.000464  0.001976  0.000147  0.000084  0.000080  0.000013  0.000024
 -0.001647 -0.000436  0.000210  0.000147  0.001634  0.000063 -0.000005  0.000075  0.000039
 -0.001703 -0.000245  0.000077  0.000084  0.000063  0.001717  0.000018  0.000023  0.000009
 -0.001477 -0.000226  0.000093  0.000080 -0.000005  0.000018  0.001592 -0.000024 -0.000005
 -0.001697 -0.000015  0.000025  0.000013  0.000075  0.000023 -0.000024  0.001624  0.000022
 -0.001643 -0.000061  0.000007  0.000024  0.000039  0.000009 -0.000005  0.000022  0.001659

SD matrix:

  0.121691  0.064979  0.045879  0.044451  0.040420  0.041431  0.039896  0.040299  0.040734

Computation thread exiting.
Thread 0 exiting.
Thread 2 exiting.
Thread 1 exiting.
