value: 1.0
Main thread exiting.
0: releasing data lock for iter 0
1: releasing data lock for iter 0
2: releasing data lock for iter 0
comp: client data available for iter 0
Iteration 0

 0.061631504160
 -1.055013759128
 0.519364448481
 0.390274505625
 0.186407446100
 0.083640929432
 0.072075298607
 -0.015395438373
 0.014685311857

comp: releasing beta1 lock for iter 0
value: 1.0550137591279474
1: sending beta1 for iter 0
0: sending beta1 for iter 0
2: sending beta1 for iter 0
0: releasing data lock for iter 1
1: releasing data lock for iter 1
2: releasing data lock for iter 1
comp: client data available for iter 1
Iteration 1

 0.092833249518
 -1.627287022650
 0.814296439832
 0.597627777196
 0.282646022009
 0.124716156737
 0.107269207316
 -0.019445021861
 0.014428357742

comp: releasing beta1 lock for iter 1
value: 0.5722732635221011
2: sending beta1 for iter 1
1: sending beta1 for iter 1
0: sending beta1 for iter 1
0: releasing data lock for iter 2
1: releasing data lock for iter 2
2: releasing data lock for iter 2
comp: client data available for iter 2
Iteration 2

 0.107660887700
 -1.897958629831
 0.953666303637
 0.694337620932
 0.328317559082
 0.142930817651
 0.123457126498
 -0.019300416822
 0.014393908863

comp: releasing beta1 lock for iter 2
value: 0.2706716071808346
2: sending beta1 for iter 2
1: sending beta1 for iter 2
0: sending beta1 for iter 2
0: releasing data lock for iter 3
1: releasing data lock for iter 3
2: releasing data lock for iter 3
comp: client data available for iter 3
Iteration 3

 0.110132125216
 -1.942977253390
 0.976684090815
 0.710350845329
 0.335948647226
 0.145891965074
 0.126043898015
 -0.019084708994
 0.014578351172

comp: releasing beta1 lock for iter 3
0: sending beta1 for iter 3
2: sending beta1 for iter 3
1: sending beta1 for iter 3
value: 0.04501862355955488
0: releasing data lock for iter 4
1: releasing data lock for iter 4
2: releasing data lock for iter 4
comp: client data available for iter 4
Iteration 4

 0.110188437442
 -1.944002279355
 0.977205197215
 0.710715140755
 0.336122862629
 0.145958886342
 0.126100543803
 -0.019077549058
 0.014586630317

comp: releasing beta1 lock for iter 4
0: sending beta1 for iter 4
2: sending beta1 for iter 4
1: sending beta1 for iter 4
value: 0.0010250259644528636
0: releasing data lock for iter 5
1: releasing data lock for iter 5
2: releasing data lock for iter 5
comp: client data available for iter 5
Iteration 5

 0.110188465632
 -1.944002791896
 0.977205456736
 0.710715322849
 0.336122949895
 0.145958919693
 0.126100571239
 -0.019077544767
 0.014586635964

comp: releasing beta1 lock for iter 5
0: sending beta1 for iter 5
2: sending beta1 for iter 5
1: sending beta1 for iter 5
Total training time: 2.694s
value on exit: 5.125411217665743E-7
Covariance matrix:

  0.012824 -0.001539 -0.001319 -0.001448 -0.001514 -0.001310 -0.001332 -0.001582 -0.001397
 -0.001539  0.003600 -0.001103 -0.000713 -0.000324 -0.000165 -0.000136 -0.000053 -0.000011
 -0.001319 -0.001103  0.002018  0.000398  0.000197  0.000069  0.000044  0.000013 -0.000038
 -0.001448 -0.000713  0.000398  0.001763  0.000127  0.000045 -0.000003  0.000005  0.000012
 -0.001514 -0.000324  0.000197  0.000127  0.001574 -0.000010  0.000000  0.000018  0.000041
 -0.001310 -0.000165  0.000069  0.000045 -0.000010  0.001441 -0.000051  0.000034 -0.000013
 -0.001332 -0.000136  0.000044 -0.000003  0.000000 -0.000051  0.001530  0.000018 -0.000006
 -0.001582 -0.000053  0.000013  0.000005  0.000018  0.000034  0.000018  0.001545 -0.000050
 -0.001397 -0.000011 -0.000038  0.000012  0.000041 -0.000013 -0.000006 -0.000050  0.001474

SD matrix:

  0.113242  0.060003  0.044919  0.041990  0.039676  0.037961  0.039119  0.039306  0.038387

Computation thread exiting.
Thread 0 exiting.
Thread 1 exiting.
Thread 2 exiting.
