0,1,2,3,4,5,6,7,8
0.013544,-0.001790,-0.001261,-0.001259,-0.001482,-0.001578,-0.001455,-0.001565,-0.001681
-0.001790,0.003431,-0.000963,-0.000816,-0.000258,-0.000222,-0.000049,0.000086,0.000092
-0.001261,-0.000963,0.001940,0.000362,0.000146,0.000134,0.000042,-0.000064,-0.000117
-0.001259,-0.000816,0.000362,0.001803,0.000063,0.000101,0.000018,-0.000021,-0.000002
-0.001482,-0.000258,0.000146,0.000063,0.001543,0.000031,0.000012,0.000020,0.000014
-0.001578,-0.000222,0.000134,0.000101,0.000031,0.001563,0.000027,-0.000019,0.000024
-0.001455,-0.000049,0.000042,0.000018,0.000012,0.000027,0.001471,-0.000034,-0.000001
-0.001565,0.000086,-0.000064,-0.000021,0.000020,-0.000019,-0.000034,0.001550,0.000043
-0.001681,0.000092,-0.000117,-0.000002,0.000014,0.000024,-0.000001,0.000043,0.001587
