value: 1.0
Main thread exiting.
1: releasing data lock for iter 0
0: releasing data lock for iter 0
2: releasing data lock for iter 0
comp: client data available for iter 0
Iteration 0

 0.068079452913
 -1.021597311262
 0.513134843602
 0.428223218445
 0.160484105695
 0.119904795601
 0.053093166963
 -0.016560248986
 -0.020790011645

comp: releasing beta1 lock for iter 0
value: 1.0215973112618442
1: sending beta1 for iter 0
0: sending beta1 for iter 0
2: sending beta1 for iter 0
1: releasing data lock for iter 1
0: releasing data lock for iter 1
2: releasing data lock for iter 1
comp: client data available for iter 1
Iteration 1

 0.157227893803
 -1.581141782299
 0.788448240459
 0.652773460960
 0.239977199954
 0.187345895866
 0.068693222875
 -0.032901260848
 -0.047438713319

comp: releasing beta1 lock for iter 1
value: 0.5595444710367625
2: sending beta1 for iter 1
0: sending beta1 for iter 1
1: sending beta1 for iter 1
1: releasing data lock for iter 2
0: releasing data lock for iter 2
2: releasing data lock for iter 2
comp: client data available for iter 2
Iteration 2

 0.202496800268
 -1.842198888994
 0.916180989847
 0.757849430428
 0.276136166390
 0.219059309272
 0.075020112921
 -0.042764823496
 -0.060301716110

comp: releasing beta1 lock for iter 2
value: 0.26105710669491056
1: sending beta1 for iter 2
2: sending beta1 for iter 2
0: sending beta1 for iter 2
1: releasing data lock for iter 3
0: releasing data lock for iter 3
2: releasing data lock for iter 3
comp: client data available for iter 3
Iteration 3

 0.210097597354
 -1.884565657492
 0.936890270916
 0.775031045121
 0.281900515117
 0.224164332298
 0.076025334683
 -0.044621510959
 -0.062344577214

comp: releasing beta1 lock for iter 3
1: sending beta1 for iter 3
2: sending beta1 for iter 3
0: sending beta1 for iter 3
value: 0.042366768498458995
1: releasing data lock for iter 4
0: releasing data lock for iter 4
2: releasing data lock for iter 4
comp: client data available for iter 4
Iteration 4

 0.210267434534
 -1.885490985716
 0.937342492707
 0.775408654057
 0.282024829550
 0.224274827230
 0.076047481184
 -0.044666075077
 -0.062388325327

comp: releasing beta1 lock for iter 4
1: sending beta1 for iter 4
value: 9.253282245165195E-4
2: sending beta1 for iter 4
0: sending beta1 for iter 4
1: releasing data lock for iter 5
0: releasing data lock for iter 5
2: releasing data lock for iter 5
comp: client data available for iter 5
Iteration 5

 0.210267514223
 -1.885491413015
 0.937342701501
 0.775408829224
 0.282024886468
 0.224274877900
 0.076047491495
 -0.044666096976
 -0.062388345211

comp: releasing beta1 lock for iter 5
1: sending beta1 for iter 5
2: sending beta1 for iter 5
0: sending beta1 for iter 5
Total training time: 2.675s
value on exit: 4.2729882721026513E-7
Covariance matrix:

  0.013544 -0.001790 -0.001261 -0.001259 -0.001482 -0.001578 -0.001455 -0.001565 -0.001681
 -0.001790  0.003431 -0.000963 -0.000816 -0.000258 -0.000222 -0.000049  0.000086  0.000092
 -0.001261 -0.000963  0.001940  0.000362  0.000146  0.000134  0.000042 -0.000064 -0.000117
 -0.001259 -0.000816  0.000362  0.001803  0.000063  0.000101  0.000018 -0.000021 -0.000002
 -0.001482 -0.000258  0.000146  0.000063  0.001543  0.000031  0.000012  0.000020  0.000014
 -0.001578 -0.000222  0.000134  0.000101  0.000031  0.001563  0.000027 -0.000019  0.000024
 -0.001455 -0.000049  0.000042  0.000018  0.000012  0.000027  0.001471 -0.000034 -0.000001
 -0.001565  0.000086 -0.000064 -0.000021  0.000020 -0.000019 -0.000034  0.001550  0.000043
 -0.001681  0.000092 -0.000117 -0.000002  0.000014  0.000024 -0.000001  0.000043  0.001587

SD matrix:

  0.116378  0.058575  0.044049  0.042461  0.039282  0.039533  0.038347  0.039365  0.039839

Computation thread exiting.
Thread 0 exiting.
Thread 1 exiting.
Thread 2 exiting.
