0,1,2,3,4,5,6,7,8
0.014386,-0.001773,-0.001583,-0.001608,-0.001508,-0.001529,-0.001586,-0.001558,-0.001671
-0.001773,0.003935,-0.001299,-0.000858,-0.000426,-0.000125,-0.000042,0.000028,0.000045
-0.001583,-0.001299,0.002287,0.000510,0.000216,0.000095,0.000037,-0.000007,0.000004
-0.001608,-0.000858,0.000510,0.001928,0.000161,0.000020,0.000006,0.000016,-0.000002
-0.001508,-0.000426,0.000216,0.000161,0.001655,0.000014,-0.000016,-0.000010,-0.000006
-0.001529,-0.000125,0.000095,0.000020,0.000014,0.001590,0.000032,-0.000059,0.000009
-0.001586,-0.000042,0.000037,0.000006,-0.000016,0.000032,0.001593,-0.000027,0.000014
-0.001558,0.000028,-0.000007,0.000016,-0.000010,-0.000059,-0.000027,0.001591,0.000037
-0.001671,0.000045,0.000004,-0.000002,-0.000006,0.000009,0.000014,0.000037,0.001581
