value: 1.0
Main thread exiting.
0: releasing data lock for iter 0
1: releasing data lock for iter 0
2: releasing data lock for iter 0
comp: client data available for iter 0
Iteration 0

 0.040924163492
 -1.058962248103
 0.528382646086
 0.389307625251
 0.195487839781
 0.090373386596
 0.062808623336
 -0.001342420389
 -0.001797006076

comp: releasing beta1 lock for iter 0
value: 1.0589622481030603
1: sending beta1 for iter 0
0: sending beta1 for iter 0
2: sending beta1 for iter 0
0: releasing data lock for iter 1
1: releasing data lock for iter 1
2: releasing data lock for iter 1
comp: client data available for iter 1
Iteration 1

 0.061733333783
 -1.670142791539
 0.849532303055
 0.617672082323
 0.307378635752
 0.139620832609
 0.082738248323
 -0.001185859581
 -0.001911810426

comp: releasing beta1 lock for iter 1
value: 0.6111805434356576
0: sending beta1 for iter 1
2: sending beta1 for iter 1
1: sending beta1 for iter 1
0: releasing data lock for iter 2
1: releasing data lock for iter 2
2: releasing data lock for iter 2
comp: client data available for iter 2
Iteration 2

 0.070083546050
 -1.990394575981
 1.019682859693
 0.738164235777
 0.366966400525
 0.163634376244
 0.092814391183
 -0.002468725089
 -0.001951311560

comp: releasing beta1 lock for iter 2
value: 0.3202517844423718
2: sending beta1 for iter 2
1: sending beta1 for iter 2
0: sending beta1 for iter 2
0: releasing data lock for iter 3
1: releasing data lock for iter 3
2: releasing data lock for iter 3
comp: client data available for iter 3
Iteration 3

 0.071475899364
 -2.055331961919
 1.054281843524
 0.762599349408
 0.379160669047
 0.168386667719
 0.094866460134
 -0.002824726191
 -0.002017129547

comp: releasing beta1 lock for iter 3
value: 0.06493738593785725
0: sending beta1 for iter 3
2: sending beta1 for iter 3
1: sending beta1 for iter 3
0: releasing data lock for iter 4
1: releasing data lock for iter 4
2: releasing data lock for iter 4
comp: client data available for iter 4
Iteration 4

 0.071517847312
 -2.057472118201
 1.055422977573
 0.763402813712
 0.379564338369
 0.168542467014
 0.094933752969
 -0.002837839896
 -0.002021421989

comp: releasing beta1 lock for iter 4
value: 0.002140156282336214
2: sending beta1 for iter 4
1: sending beta1 for iter 4
0: sending beta1 for iter 4
0: releasing data lock for iter 5
1: releasing data lock for iter 5
2: releasing data lock for iter 5
comp: client data available for iter 5
Iteration 5

 0.071517888480
 -2.057474328781
 1.055424156609
 0.763403641913
 0.379564756481
 0.168542627682
 0.094933822110
 -0.002837854341
 -0.002021428140

comp: releasing beta1 lock for iter 5
0: sending beta1 for iter 5
2: sending beta1 for iter 5
1: sending beta1 for iter 5
value: 2.2105793435756027E-6
0: releasing data lock for iter 6
1: releasing data lock for iter 6
2: releasing data lock for iter 6
comp: client data available for iter 6
Iteration 6

 0.071517888480
 -2.057474328783
 1.055424156610
 0.763403641914
 0.379564756482
 0.168542627682
 0.094933822110
 -0.002837854341
 -0.002021428140

comp: releasing beta1 lock for iter 6
0: sending beta1 for iter 6
2: sending beta1 for iter 6
1: sending beta1 for iter 6
Total training time: 2.821s
value on exit: 2.355005079834882E-12
Covariance matrix:

  0.014386 -0.001773 -0.001583 -0.001608 -0.001508 -0.001529 -0.001586 -0.001558 -0.001671
 -0.001773  0.003935 -0.001299 -0.000858 -0.000426 -0.000125 -0.000042  0.000028  0.000045
 -0.001583 -0.001299  0.002287  0.000510  0.000216  0.000095  0.000037 -0.000007  0.000004
 -0.001608 -0.000858  0.000510  0.001928  0.000161  0.000020  0.000006  0.000016 -0.000002
 -0.001508 -0.000426  0.000216  0.000161  0.001655  0.000014 -0.000016 -0.000010 -0.000006
 -0.001529 -0.000125  0.000095  0.000020  0.000014  0.001590  0.000032 -0.000059  0.000009
 -0.001586 -0.000042  0.000037  0.000006 -0.000016  0.000032  0.001593 -0.000027  0.000014
 -0.001558  0.000028 -0.000007  0.000016 -0.000010 -0.000059 -0.000027  0.001591  0.000037
 -0.001671  0.000045  0.000004 -0.000002 -0.000006  0.000009  0.000014  0.000037  0.001581

SD matrix:

  0.119943  0.062727  0.047826  0.043906  0.040679  0.039870  0.039908  0.039888  0.039764

Computation thread exiting.
Thread 0 exiting.
Thread 1 exiting.
Thread 2 exiting.
