0,1,2,3,4,5,6,7,8
0.013618,-0.001707,-0.001317,-0.001440,-0.001382,-0.001521,-0.001585,-0.001580,-0.001573
-0.001707,0.003485,-0.000950,-0.000837,-0.000357,-0.000163,0.000026,-0.000008,0.000042
-0.001317,-0.000950,0.001908,0.000373,0.000150,0.000111,-0.000030,0.000001,-0.000027
-0.001440,-0.000837,0.000373,0.001846,0.000150,0.000083,0.000032,0.000023,0.000005
-0.001382,-0.000357,0.000150,0.000150,0.001586,0.000031,-0.000039,-0.000039,-0.000041
-0.001521,-0.000163,0.000111,0.000083,0.000031,0.001516,0.000007,0.000001,0.000007
-0.001585,0.000026,-0.000030,0.000032,-0.000039,0.000007,0.001521,0.000039,0.000025
-0.001580,-0.000008,0.000001,0.000023,-0.000039,0.000001,0.000039,0.001514,-0.000001
-0.001573,0.000042,-0.000027,0.000005,-0.000041,0.000007,0.000025,-0.000001,0.001567
