value: 1.0
Main thread exiting.
1: releasing data lock for iter 0
0: releasing data lock for iter 0
2: releasing data lock for iter 0
comp: client data available for iter 0
Iteration 0

 0.031286448146
 -1.074009878950
 0.540501762756
 0.400868766810
 0.202181841999
 0.122563663121
 0.023177521424
 -0.001460981072
 0.003194540535

comp: releasing beta1 lock for iter 0
value: 1.0740098789496835
1: sending beta1 for iter 0
0: sending beta1 for iter 0
2: sending beta1 for iter 0
1: releasing data lock for iter 1
0: releasing data lock for iter 1
2: releasing data lock for iter 1
comp: client data available for iter 1
Iteration 1

 0.040655069255
 -1.698091801111
 0.855420478724
 0.645781284430
 0.331515718279
 0.189709594187
 0.022681432403
 -0.000786222511
 0.001439176380

comp: releasing beta1 lock for iter 1
value: 0.6240819221612317
0: sending beta1 for iter 1
1: sending beta1 for iter 1
2: sending beta1 for iter 1
1: releasing data lock for iter 2
0: releasing data lock for iter 2
2: releasing data lock for iter 2
comp: client data available for iter 2
Iteration 2

 0.043610554522
 -2.030183610996
 1.022161607702
 0.776872899405
 0.401745610234
 0.224816874883
 0.022227733161
 0.001068448608
 -0.001248752278

comp: releasing beta1 lock for iter 2
value: 0.33209180988538645
2: sending beta1 for iter 2
0: sending beta1 for iter 2
1: sending beta1 for iter 2
1: releasing data lock for iter 3
0: releasing data lock for iter 3
2: releasing data lock for iter 3
comp: client data available for iter 3
Iteration 3

 0.043897051593
 -2.099581887235
 1.056878306548
 0.804344774492
 0.416418081337
 0.232010545314
 0.022353911591
 0.001640459435
 -0.001998567317

comp: releasing beta1 lock for iter 3
value: 0.06939827623876038
1: sending beta1 for iter 3
2: sending beta1 for iter 3
0: sending beta1 for iter 3
1: releasing data lock for iter 4
0: releasing data lock for iter 4
2: releasing data lock for iter 4
comp: client data available for iter 4
Iteration 4

 0.043897557463
 -2.102000104566
 1.058084965134
 0.805304484908
 0.416927203746
 0.232256505483
 0.022365541140
 0.001665146688
 -0.002028196709

comp: releasing beta1 lock for iter 4
value: 0.00241821733142622
0: sending beta1 for iter 4
1: sending beta1 for iter 4
2: sending beta1 for iter 4
1: releasing data lock for iter 5
0: releasing data lock for iter 5
2: releasing data lock for iter 5
comp: client data available for iter 5
Iteration 5

 0.043897550207
 -2.102002889380
 1.058086352271
 0.805305592356
 0.416927787570
 0.232256784307
 0.022365560760
 0.001665179076
 -0.002028233359

comp: releasing beta1 lock for iter 5
1: sending beta1 for iter 5
2: sending beta1 for iter 5
0: sending beta1 for iter 5
value: 2.784813748935022E-6
1: releasing data lock for iter 6
0: releasing data lock for iter 6
2: releasing data lock for iter 6
comp: client data available for iter 6
Iteration 6

 0.043897550207
 -2.102002889384
 1.058086352273
 0.805305592358
 0.416927787571
 0.232256784307
 0.022365560760
 0.001665179077
 -0.002028233359

comp: releasing beta1 lock for iter 6
1: sending beta1 for iter 6
2: sending beta1 for iter 6
0: sending beta1 for iter 6
Total training time: 2.963s
value on exit: 3.68594044175552E-12
Covariance matrix:

  0.013734 -0.001616 -0.001450 -0.001509 -0.001503 -0.001573 -0.001553 -0.001556 -0.001551
 -0.001616  0.004047 -0.001246 -0.000953 -0.000570 -0.000237  0.000013 -0.000004  0.000039
 -0.001450 -0.001246  0.002192  0.000453  0.000212  0.000140 -0.000028  0.000009  0.000004
 -0.001509 -0.000953  0.000453  0.002013  0.000195  0.000119 -0.000018 -0.000031 -0.000053
 -0.001503 -0.000570  0.000212  0.000195  0.001805  0.000066 -0.000020 -0.000007 -0.000049
 -0.001573 -0.000237  0.000140  0.000119  0.000066  0.001675 -0.000015 -0.000021 -0.000046
 -0.001553  0.000013 -0.000028 -0.000018 -0.000020 -0.000015  0.001604  0.000033  0.000001
 -0.001556 -0.000004  0.000009 -0.000031 -0.000007 -0.000021  0.000033  0.001660  0.000002
 -0.001551  0.000039  0.000004 -0.000053 -0.000049 -0.000046  0.000001  0.000002  0.001620

SD matrix:

  0.117194  0.063613  0.046818  0.044868  0.042485  0.040923  0.040055  0.040742  0.040250

Computation thread exiting.
Thread 1 exiting.
Thread 2 exiting.
Thread 0 exiting.
