0,1,2,3,4,5,6,7,8
0.014626,-0.001758,-0.001563,-0.001588,-0.001645,-0.001668,-0.001587,-0.001567,-0.001621
-0.001758,0.004179,-0.001267,-0.001053,-0.000534,-0.000260,-0.000061,0.000014,0.000044
-0.001563,-0.001267,0.002265,0.000513,0.000279,0.000181,0.000037,-0.000026,-0.000025
-0.001588,-0.001053,0.000513,0.002016,0.000202,0.000115,0.000037,0.000022,0.000008
-0.001645,-0.000534,0.000279,0.000202,0.001748,0.000056,0.000002,-0.000016,0.000006
-0.001668,-0.000260,0.000181,0.000115,0.000056,0.001679,-0.000012,0.000016,-0.000016
-0.001587,-0.000061,0.000037,0.000037,0.000002,-0.000012,0.001640,-0.000065,-0.000009
-0.001567,0.000014,-0.000026,0.000022,-0.000016,0.000016,-0.000065,0.001634,0.000003
-0.001621,0.000044,-0.000025,0.000008,0.000006,-0.000016,-0.000009,0.000003,0.001599
