0,1,2,3,4,5,6,7,8
0.013802,-0.001829,-0.001457,-0.001491,-0.001468,-0.001509,-0.001419,-0.001583,-0.001391
-0.001829,0.003909,-0.001143,-0.000882,-0.000422,-0.000170,-0.000123,0.000041,-0.000035
-0.001457,-0.001143,0.002168,0.000439,0.000212,0.000092,0.000019,-0.000008,-0.000026
-0.001491,-0.000882,0.000439,0.001882,0.000179,0.000062,0.000054,0.000009,-0.000015
-0.001468,-0.000422,0.000212,0.000179,0.001638,0.000023,0.000012,0.000007,-0.000038
-0.001509,-0.000170,0.000092,0.000062,0.000023,0.001552,-0.000005,0.000015,-0.000037
-0.001419,-0.000123,0.000019,0.000054,0.000012,-0.000005,0.001517,0.000002,-0.000027
-0.001583,0.000041,-0.000008,0.000009,0.000007,0.000015,0.000002,0.001504,-0.000004
-0.001391,-0.000035,-0.000026,-0.000015,-0.000038,-0.000037,-0.000027,-0.000004,0.001542
