value: 1.0
Main thread exiting.
0: releasing data lock for iter 0
1: releasing data lock for iter 0
2: releasing data lock for iter 0
comp: client data available for iter 0
Iteration 0

 0.100582886637
 -1.059367570476
 0.532830328112
 0.431450923586
 0.159986300015
 0.081902574001
 0.047380098680
 -0.002106274989
 -0.000403081896

comp: releasing beta1 lock for iter 0
value: 1.0593675704756922
1: sending beta1 for iter 0
0: sending beta1 for iter 0
2: sending beta1 for iter 0
0: releasing data lock for iter 1
1: releasing data lock for iter 1
2: releasing data lock for iter 1
comp: client data available for iter 1
Iteration 1

 0.164447755941
 -1.666871362946
 0.835842206728
 0.662474879016
 0.262836495045
 0.124883626259
 0.076344760915
 -0.001176367984
 -0.001362748839

comp: releasing beta1 lock for iter 1
value: 0.6075037924705795
2: sending beta1 for iter 1
1: sending beta1 for iter 1
0: sending beta1 for iter 1
0: releasing data lock for iter 2
1: releasing data lock for iter 2
2: releasing data lock for iter 2
comp: client data available for iter 2
Iteration 2

 0.196025802970
 -1.974667026370
 0.989350857144
 0.779529432358
 0.316750691868
 0.145525705306
 0.091244917008
 -0.002410685078
 -0.000931971856

comp: releasing beta1 lock for iter 2
0: sending beta1 for iter 2
2: sending beta1 for iter 2
value: 0.30779566342390163
1: sending beta1 for iter 2
0: releasing data lock for iter 3
1: releasing data lock for iter 3
2: releasing data lock for iter 3
comp: client data available for iter 3
Iteration 3

 0.202012414428
 -2.032965802216
 1.018438933819
 0.801889091756
 0.327018574545
 0.149202103542
 0.094107320156
 -0.002918157823
 -0.000719507881

comp: releasing beta1 lock for iter 3
value: 0.05829877584542231
2: sending beta1 for iter 3
1: sending beta1 for iter 3
0: sending beta1 for iter 3
0: releasing data lock for iter 4
1: releasing data lock for iter 4
2: releasing data lock for iter 4
comp: client data available for iter 4
Iteration 4

 0.202188272711
 -2.034659290143
 1.019284307528
 0.802543660022
 0.327316701275
 0.149303205441
 0.094191335809
 -0.002938667507
 -0.000711099903

comp: releasing beta1 lock for iter 4
value: 0.0016934879271559566
1: sending beta1 for iter 4
2: sending beta1 for iter 4
0: sending beta1 for iter 4
0: releasing data lock for iter 5
1: releasing data lock for iter 5
2: releasing data lock for iter 5
comp: client data available for iter 5
Iteration 5

 0.202188416466
 -2.034660658708
 1.019284990915
 0.802544192023
 0.327316942000
 0.149303283665
 0.094191404101
 -0.002938687420
 -0.000711091953

comp: releasing beta1 lock for iter 5
0: sending beta1 for iter 5
2: sending beta1 for iter 5
1: sending beta1 for iter 5
value: 1.3685652544559446E-6
0: releasing data lock for iter 6
1: releasing data lock for iter 6
2: releasing data lock for iter 6
comp: client data available for iter 6
Iteration 6

 0.202188416466
 -2.034660658709
 1.019284990916
 0.802544192023
 0.327316942000
 0.149303283665
 0.094191404101
 -0.002938687420
 -0.000711091953

comp: releasing beta1 lock for iter 6
0: sending beta1 for iter 6
1: sending beta1 for iter 6
2: sending beta1 for iter 6
Total training time: 2.768s
value on exit: 8.93951579428176E-13
Covariance matrix:

  0.013802 -0.001829 -0.001457 -0.001491 -0.001468 -0.001509 -0.001419 -0.001583 -0.001391
 -0.001829  0.003909 -0.001143 -0.000882 -0.000422 -0.000170 -0.000123  0.000041 -0.000035
 -0.001457 -0.001143  0.002168  0.000439  0.000212  0.000092  0.000019 -0.000008 -0.000026
 -0.001491 -0.000882  0.000439  0.001882  0.000179  0.000062  0.000054  0.000009 -0.000015
 -0.001468 -0.000422  0.000212  0.000179  0.001638  0.000023  0.000012  0.000007 -0.000038
 -0.001509 -0.000170  0.000092  0.000062  0.000023  0.001552 -0.000005  0.000015 -0.000037
 -0.001419 -0.000123  0.000019  0.000054  0.000012 -0.000005  0.001517  0.000002 -0.000027
 -0.001583  0.000041 -0.000008  0.000009  0.000007  0.000015  0.000002  0.001504 -0.000004
 -0.001391 -0.000035 -0.000026 -0.000015 -0.000038 -0.000037 -0.000027 -0.000004  0.001542

SD matrix:

  0.117484  0.062522  0.046563  0.043385  0.040470  0.039400  0.038950  0.038779  0.039266

Computation thread exiting.
Thread 2 exiting.
Thread 1 exiting.
Thread 0 exiting.
