0,1,2,3,4,5,6,7,8
0.014539,-0.001868,-0.001626,-0.001560,-0.001570,-0.001577,-0.001454,-0.001583,-0.001686
-0.001868,0.003890,-0.001178,-0.000844,-0.000382,-0.000202,-0.000134,0.000056,0.000048
-0.001626,-0.001178,0.002284,0.000444,0.000233,0.000099,0.000048,0.000005,0.000021
-0.001560,-0.000844,0.000444,0.001929,0.000171,0.000068,0.000060,0.000003,-0.000014
-0.001570,-0.000382,0.000233,0.000171,0.001641,0.000056,0.000007,-0.000014,-0.000016
-0.001577,-0.000202,0.000099,0.000068,0.000056,0.001625,0.000017,-0.000040,-0.000004
-0.001454,-0.000134,0.000048,0.000060,0.000007,0.000017,0.001577,-0.000056,-0.000034
-0.001583,0.000056,0.000005,0.000003,-0.000014,-0.000040,-0.000056,0.001608,0.000019
-0.001686,0.000048,0.000021,-0.000014,-0.000016,-0.000004,-0.000034,0.000019,0.001601
