0,1,2,3,4,5,6,7,8
0.013266,-0.001650,-0.001281,-0.001508,-0.001479,-0.001501,-0.001423,-0.001461,-0.001461
-0.001650,0.003542,-0.000998,-0.000858,-0.000449,-0.000220,-0.000036,0.000033,0.000008
-0.001281,-0.000998,0.001907,0.000380,0.000205,0.000086,0.000041,-0.000055,-0.000015
-0.001508,-0.000858,0.000380,0.001843,0.000207,0.000104,0.000044,-0.000004,0.000044
-0.001479,-0.000449,0.000205,0.000207,0.001586,0.000076,0.000009,-0.000066,0.000032
-0.001501,-0.000220,0.000086,0.000104,0.000076,0.001488,0.000009,0.000016,-0.000006
-0.001423,-0.000036,0.000041,0.000044,0.000009,0.000009,0.001414,0.000021,-0.000061
-0.001461,0.000033,-0.000055,-0.000004,-0.000066,0.000016,0.000021,0.001514,0.000007
-0.001461,0.000008,-0.000015,0.000044,0.000032,-0.000006,-0.000061,0.000007,0.001473
