0,1,2,3,4,5,6,7,8
0.013310,-0.001616,-0.001454,-0.001414,-0.001536,-0.001440,-0.001542,-0.001521,-0.001324
-0.001616,0.003862,-0.001124,-0.000970,-0.000507,-0.000229,-0.000048,0.000003,-0.000032
-0.001454,-0.001124,0.002059,0.000441,0.000263,0.000125,0.000051,0.000031,-0.000063
-0.001414,-0.000970,0.000441,0.001958,0.000147,0.000080,0.000003,0.000012,-0.000018
-0.001536,-0.000507,0.000263,0.000147,0.001662,0.000042,0.000032,-0.000016,0.000039
-0.001440,-0.000229,0.000125,0.000080,0.000042,0.001550,-0.000013,-0.000015,0.000006
-0.001542,-0.000048,0.000051,0.000003,0.000032,-0.000013,0.001549,0.000034,-0.000062
-0.001521,0.000003,0.000031,0.000012,-0.000016,-0.000015,0.000034,0.001575,-0.000053
-0.001324,-0.000032,-0.000063,-0.000018,0.000039,0.000006,-0.000062,-0.000053,0.001543
