0,1,2,3,4,5,6,7,8
0.014124,-0.001767,-0.001521,-0.001621,-0.001480,-0.001665,-0.001473,-0.001568,-0.001617
-0.001767,0.003815,-0.001160,-0.000902,-0.000450,-0.000167,-0.000063,0.000031,0.000023
-0.001521,-0.001160,0.002128,0.000463,0.000244,0.000119,0.000037,0.000037,0.000021
-0.001621,-0.000902,0.000463,0.001948,0.000183,0.000088,0.000019,0.000013,0.000035
-0.001480,-0.000450,0.000244,0.000183,0.001588,0.000071,-0.000016,-0.000021,0.000006
-0.001665,-0.000167,0.000119,0.000088,0.000071,0.001580,0.000009,0.000040,0.000021
-0.001473,-0.000063,0.000037,0.000019,-0.000016,0.000009,0.001575,-0.000001,-0.000023
-0.001568,0.000031,0.000037,0.000013,-0.000021,0.000040,-0.000001,0.001529,-0.000020
-0.001617,0.000023,0.000021,0.000035,0.000006,0.000021,-0.000023,-0.000020,0.001551
