value: 1.0
Main thread exiting.
0: releasing data lock for iter 0
1: releasing data lock for iter 0
2: releasing data lock for iter 0
comp: client data available for iter 0
Iteration 0

 -0.005039805198
 -1.048344277824
 0.539838344032
 0.422971457483
 0.203440664326
 0.111121564288
 0.078399566729
 0.002868674727
 -0.020151650408

comp: releasing beta1 lock for iter 0
value: 1.0483442778241654
0: sending beta1 for iter 0
2: sending beta1 for iter 0
1: sending beta1 for iter 0
0: releasing data lock for iter 1
1: releasing data lock for iter 1
2: releasing data lock for iter 1
comp: client data available for iter 1
Iteration 1

 0.003381826741
 -1.641633708803
 0.845815492994
 0.662094039255
 0.322385537679
 0.168123007728
 0.108421740682
 0.001270137874
 -0.019585082098

comp: releasing beta1 lock for iter 1
0: sending beta1 for iter 1
1: sending beta1 for iter 1
2: sending beta1 for iter 1
value: 0.5932894309792618
0: releasing data lock for iter 2
1: releasing data lock for iter 2
2: releasing data lock for iter 2
comp: client data available for iter 2
Iteration 2

 0.010361888279
 -1.940397459100
 1.000372804503
 0.783113618708
 0.382201004645
 0.193766525060
 0.122615056915
 0.000575373217
 -0.018244704413

comp: releasing beta1 lock for iter 2
value: 0.29876375029649305
1: sending beta1 for iter 2
2: sending beta1 for iter 2
0: sending beta1 for iter 2
0: releasing data lock for iter 3
1: releasing data lock for iter 3
2: releasing data lock for iter 3
comp: client data available for iter 3
Iteration 3

 0.011771441357
 -1.996437952757
 1.029404632707
 0.805785292414
 0.393321986963
 0.198368193678
 0.125311350898
 0.000531200232
 -0.018080140706

comp: releasing beta1 lock for iter 3
value: 0.05604049365661967
1: sending beta1 for iter 3
0: sending beta1 for iter 3
2: sending beta1 for iter 3
0: releasing data lock for iter 4
1: releasing data lock for iter 4
2: releasing data lock for iter 4
comp: client data available for iter 4
Iteration 4

 0.011811825005
 -1.998034401530
 1.030232048864
 0.806429416554
 0.393636298231
 0.198497676364
 0.125389913056
 0.000532109290
 -0.018079404470

comp: releasing beta1 lock for iter 4
0: sending beta1 for iter 4
value: 0.001596448773734993
2: sending beta1 for iter 4
1: sending beta1 for iter 4
0: releasing data lock for iter 5
1: releasing data lock for iter 5
2: releasing data lock for iter 5
comp: client data available for iter 5
Iteration 5

 0.011811856500
 -1.998035640742
 1.030232691229
 0.806429915406
 0.393636540853
 0.198497776351
 0.125389975111
 0.000532111146
 -0.018079406384

comp: releasing beta1 lock for iter 5
0: sending beta1 for iter 5
2: sending beta1 for iter 5
1: sending beta1 for iter 5
value: 1.2392118822202036E-6
0: releasing data lock for iter 6
1: releasing data lock for iter 6
2: releasing data lock for iter 6
comp: client data available for iter 6
Iteration 6

 0.011811856500
 -1.998035640743
 1.030232691230
 0.806429915407
 0.393636540854
 0.198497776351
 0.125389975111
 0.000532111146
 -0.018079406384

comp: releasing beta1 lock for iter 6
0: sending beta1 for iter 6
2: sending beta1 for iter 6
1: sending beta1 for iter 6
Total training time: 2.739s
value on exit: 7.458478279431802E-13
Covariance matrix:

  0.014124 -0.001767 -0.001521 -0.001621 -0.001480 -0.001665 -0.001473 -0.001568 -0.001617
 -0.001767  0.003815 -0.001160 -0.000902 -0.000450 -0.000167 -0.000063  0.000031  0.000023
 -0.001521 -0.001160  0.002128  0.000463  0.000244  0.000119  0.000037  0.000037  0.000021
 -0.001621 -0.000902  0.000463  0.001948  0.000183  0.000088  0.000019  0.000013  0.000035
 -0.001480 -0.000450  0.000244  0.000183  0.001588  0.000071 -0.000016 -0.000021  0.000006
 -0.001665 -0.000167  0.000119  0.000088  0.000071  0.001580  0.000009  0.000040  0.000021
 -0.001473 -0.000063  0.000037  0.000019 -0.000016  0.000009  0.001575 -0.000001 -0.000023
 -0.001568  0.000031  0.000037  0.000013 -0.000021  0.000040 -0.000001  0.001529 -0.000020
 -0.001617  0.000023  0.000021  0.000035  0.000006  0.000021 -0.000023 -0.000020  0.001551

SD matrix:

  0.118843  0.061763  0.046125  0.044139  0.039855  0.039745  0.039686  0.039104  0.039383

Computation thread exiting.
Thread 1 exiting.
Thread 2 exiting.
Thread 0 exiting.
