value: 1.0
Main thread exiting.
0: releasing data lock for iter 0
1: releasing data lock for iter 0
2: releasing data lock for iter 0
comp: client data available for iter 0
Iteration 0

 0.010047159940
 -1.079972429653
 0.537397898062
 0.430447499315
 0.197977284888
 0.104335815431
 0.068604109065
 -0.009178202990
 0.005287994055

comp: releasing beta1 lock for iter 0
value: 1.0799724296531676
0: sending beta1 for iter 0
1: sending beta1 for iter 0
2: sending beta1 for iter 0
0: releasing data lock for iter 1
1: releasing data lock for iter 1
2: releasing data lock for iter 1
comp: client data available for iter 1
Iteration 1

 0.017024436025
 -1.711216483092
 0.828478131121
 0.672592337389
 0.314343836598
 0.174931521254
 0.108600513358
 -0.000026109670
 0.007287996107

comp: releasing beta1 lock for iter 1
value: 0.6312440534389434
2: sending beta1 for iter 1
1: sending beta1 for iter 1
0: sending beta1 for iter 1
0: releasing data lock for iter 2
1: releasing data lock for iter 2
2: releasing data lock for iter 2
comp: client data available for iter 2
Iteration 2

 0.023338125626
 -2.043845959176
 0.979052863467
 0.796636840849
 0.376217853649
 0.214197348602
 0.130224705326
 0.006486854894
 0.008034570902

comp: releasing beta1 lock for iter 2
0: sending beta1 for iter 2
2: sending beta1 for iter 2
1: sending beta1 for iter 2
value: 0.33262947608395477
0: releasing data lock for iter 3
1: releasing data lock for iter 3
2: releasing data lock for iter 3
comp: client data available for iter 3
Iteration 3

 0.025032240115
 -2.111538817534
 1.009515420966
 0.821273431922
 0.388883874230
 0.222498725556
 0.134715404560
 0.007982444246
 0.008188140581

comp: releasing beta1 lock for iter 3
value: 0.0676928583575358
0: sending beta1 for iter 3
2: sending beta1 for iter 3
1: sending beta1 for iter 3
0: releasing data lock for iter 4
1: releasing data lock for iter 4
2: releasing data lock for iter 4
comp: client data available for iter 4
Iteration 4

 0.025098015740
 -2.113779332536
 1.010521338042
 0.822074041711
 0.389304330456
 0.222780956922
 0.134866630531
 0.008035019557
 0.008193840071

comp: releasing beta1 lock for iter 4
value: 0.0022405150023736553
0: sending beta1 for iter 4
2: sending beta1 for iter 4
1: sending beta1 for iter 4
0: releasing data lock for iter 5
1: releasing data lock for iter 5
2: releasing data lock for iter 5
comp: client data available for iter 5
Iteration 5

 0.025098090900
 -2.113781665505
 1.010522384176
 0.822074864415
 0.389304769056
 0.222781256418
 0.134866790120
 0.008035076313
 0.008193846655

comp: releasing beta1 lock for iter 5
0: sending beta1 for iter 5
2: sending beta1 for iter 5
1: sending beta1 for iter 5
value: 2.332969286200637E-6
0: releasing data lock for iter 6
1: releasing data lock for iter 6
2: releasing data lock for iter 6
comp: client data available for iter 6
Iteration 6

 0.025098090900
 -2.113781665508
 1.010522384177
 0.822074864416
 0.389304769056
 0.222781256419
 0.134866790120
 0.008035076313
 0.008193846655

comp: releasing beta1 lock for iter 6
0: sending beta1 for iter 6
1: sending beta1 for iter 6
2: sending beta1 for iter 6
Total training time: 2.714s
value on exit: 2.525535336417306E-12
Covariance matrix:

  0.014069 -0.001658 -0.001594 -0.001427 -0.001593 -0.001606 -0.001631 -0.001555 -0.001536
 -0.001658  0.004229 -0.001146 -0.001012 -0.000511 -0.000298 -0.000154 -0.000065 -0.000002
 -0.001594 -0.001146  0.002145  0.000377  0.000225  0.000147  0.000090  0.000063  0.000021
 -0.001427 -0.001012  0.000377  0.001956  0.000210  0.000095  0.000060  0.000009 -0.000017
 -0.001593 -0.000511  0.000225  0.000210  0.001619  0.000064  0.000028  0.000045  0.000000
 -0.001606 -0.000298  0.000147  0.000095  0.000064  0.001626  0.000006  0.000011  0.000032
 -0.001631 -0.000154  0.000090  0.000060  0.000028  0.000006  0.001634  0.000003  0.000010
 -0.001555 -0.000065  0.000063  0.000009  0.000045  0.000011  0.000003  0.001595 -0.000068
 -0.001536 -0.000002  0.000021 -0.000017  0.000000  0.000032  0.000010 -0.000068  0.001574

SD matrix:

  0.118612  0.065028  0.046314  0.044230  0.040241  0.040322  0.040427  0.039942  0.039679

Computation thread exiting.
Thread 0 exiting.
Thread 2 exiting.
Thread 1 exiting.
