0,1,2,3,4,5,6,7,8
0.013557,-0.001723,-0.001451,-0.001386,-0.001448,-0.001396,-0.001561,-0.001461,-0.001612
-0.001723,0.003796,-0.001042,-0.000903,-0.000410,-0.000282,-0.000058,0.000100,-0.000029
-0.001451,-0.001042,0.002062,0.000408,0.000183,0.000052,0.000055,-0.000026,0.000055
-0.001386,-0.000903,0.000408,0.001920,0.000195,0.000068,0.000010,-0.000102,0.000018
-0.001448,-0.000410,0.000183,0.000195,0.001622,0.000036,-0.000001,-0.000048,-0.000008
-0.001396,-0.000282,0.000052,0.000068,0.000036,0.001531,-0.000001,0.000012,0.000047
-0.001561,-0.000058,0.000055,0.000010,-0.000001,-0.000001,0.001499,0.000024,-0.000005
-0.001461,0.000100,-0.000026,-0.000102,-0.000048,0.000012,0.000024,0.001523,-0.000009
-0.001612,-0.000029,0.000055,0.000018,-0.000008,0.000047,-0.000005,-0.000009,0.001532
