0,1,2,3,4,5,6,7,8
0.013435,-0.001645,-0.001459,-0.001556,-0.001434,-0.001391,-0.001617,-0.001308,-0.001531
-0.001645,0.003657,-0.001059,-0.000783,-0.000416,-0.000232,-0.000057,0.000033,-0.000014
-0.001459,-0.001059,0.002067,0.000399,0.000176,0.000099,0.000064,-0.000082,0.000036
-0.001556,-0.000783,0.000399,0.001839,0.000171,0.000087,0.000043,-0.000066,0.000039
-0.001434,-0.000416,0.000176,0.000171,0.001644,0.000016,-0.000006,-0.000030,0.000014
-0.001391,-0.000232,0.000099,0.000087,0.000016,0.001521,0.000017,-0.000017,-0.000011
-0.001617,-0.000057,0.000064,0.000043,-0.000006,0.000017,0.001539,0.000017,0.000012
-0.001308,0.000033,-0.000082,-0.000066,-0.000030,-0.000017,0.000017,0.001467,-0.000043
-0.001531,-0.000014,0.000036,0.000039,0.000014,-0.000011,0.000012,-0.000043,0.001521
