value: 1.0
Main thread exiting.
0: releasing data lock for iter 0
1: releasing data lock for iter 0
2: releasing data lock for iter 0
comp: client data available for iter 0
Iteration 0

 -0.054910922059
 -1.067416242381
 0.513963630551
 0.414789113269
 0.233648641682
 0.144357538483
 0.069240472082
 -0.026132547381
 0.028893862218

comp: releasing beta1 lock for iter 0
value: 1.067416242380513
1: sending beta1 for iter 0
0: sending beta1 for iter 0
2: sending beta1 for iter 0
0: releasing data lock for iter 1
1: releasing data lock for iter 1
2: releasing data lock for iter 1
comp: client data available for iter 1
Iteration 1

 -0.053222102483
 -1.659210980006
 0.800047162212
 0.633824413231
 0.356920242990
 0.216971138277
 0.099903131366
 -0.041293154400
 0.043364939568

comp: releasing beta1 lock for iter 1
0: sending beta1 for iter 1
2: sending beta1 for iter 1
value: 0.5917947376253305
1: sending beta1 for iter 1
0: releasing data lock for iter 2
1: releasing data lock for iter 2
2: releasing data lock for iter 2
comp: client data available for iter 2
Iteration 2

 -0.042830326837
 -1.937926797999
 0.935502126452
 0.735868789276
 0.413701874040
 0.247839180487
 0.110548130358
 -0.048360208456
 0.049626924192

comp: releasing beta1 lock for iter 2
0: sending beta1 for iter 2
2: sending beta1 for iter 2
1: sending beta1 for iter 2
value: 0.27871581799278156
0: releasing data lock for iter 3
1: releasing data lock for iter 3
2: releasing data lock for iter 3
comp: client data available for iter 3
Iteration 3

 -0.040124205014
 -1.983976207041
 0.957882537428
 0.752661337153
 0.423013352268
 0.252609949613
 0.111892858728
 -0.049542350980
 0.050660922096

comp: releasing beta1 lock for iter 3
value: 0.04604940904206578
0: sending beta1 for iter 3
2: sending beta1 for iter 3
1: sending beta1 for iter 3
0: releasing data lock for iter 4
1: releasing data lock for iter 4
2: releasing data lock for iter 4
comp: client data available for iter 4
Iteration 4

 -0.040049263948
 -1.985015356850
 0.958387052385
 0.753039717285
 0.423222954706
 0.252713447037
 0.111916944164
 -0.049569527050
 0.050684701132

comp: releasing beta1 lock for iter 4
0: sending beta1 for iter 4
2: sending beta1 for iter 4
value: 0.0010391498089066253
1: sending beta1 for iter 4
0: releasing data lock for iter 5
1: releasing data lock for iter 5
2: releasing data lock for iter 5
comp: client data available for iter 5
Iteration 5

 -0.040049222343
 -1.985015868046
 0.958387300346
 0.753039903229
 0.423223057708
 0.252713496605
 0.111916953775
 -0.049569540630
 0.050684713067

comp: releasing beta1 lock for iter 5
0: sending beta1 for iter 5
2: sending beta1 for iter 5
1: sending beta1 for iter 5
Total training time: 2.682s
value on exit: 5.111964642701139E-7
Covariance matrix:

  0.013435 -0.001645 -0.001459 -0.001556 -0.001434 -0.001391 -0.001617 -0.001308 -0.001531
 -0.001645  0.003657 -0.001059 -0.000783 -0.000416 -0.000232 -0.000057  0.000033 -0.000014
 -0.001459 -0.001059  0.002067  0.000399  0.000176  0.000099  0.000064 -0.000082  0.000036
 -0.001556 -0.000783  0.000399  0.001839  0.000171  0.000087  0.000043 -0.000066  0.000039
 -0.001434 -0.000416  0.000176  0.000171  0.001644  0.000016 -0.000006 -0.000030  0.000014
 -0.001391 -0.000232  0.000099  0.000087  0.000016  0.001521  0.000017 -0.000017 -0.000011
 -0.001617 -0.000057  0.000064  0.000043 -0.000006  0.000017  0.001539  0.000017  0.000012
 -0.001308  0.000033 -0.000082 -0.000066 -0.000030 -0.000017  0.000017  0.001467 -0.000043
 -0.001531 -0.000014  0.000036  0.000039  0.000014 -0.000011  0.000012 -0.000043  0.001521

SD matrix:

  0.115908  0.060471  0.045461  0.042879  0.040547  0.039005  0.039234  0.038307  0.039001

Computation thread exiting.
Thread 0 exiting.
Thread 2 exiting.
Thread 1 exiting.
