0,1,2,3,4,5,6,7,8
0.013874,-0.001541,-0.001441,-0.001514,-0.001458,-0.001618,-0.001613,-0.001663,-0.001485
-0.001541,0.003466,-0.000933,-0.000810,-0.000398,-0.000244,-0.000162,0.000071,0.000015
-0.001441,-0.000933,0.001981,0.000356,0.000140,0.000122,0.000042,0.000002,-0.000031
-0.001514,-0.000810,0.000356,0.001875,0.000178,0.000098,0.000062,-0.000019,-0.000036
-0.001458,-0.000398,0.000140,0.000178,0.001612,0.000021,0.000053,-0.000007,-0.000054
-0.001618,-0.000244,0.000122,0.000098,0.000021,0.001587,0.000036,0.000057,0.000019
-0.001613,-0.000162,0.000042,0.000062,0.000053,0.000036,0.001567,0.000023,0.000022
-0.001663,0.000071,0.000002,-0.000019,-0.000007,0.000057,0.000023,0.001532,0.000010
-0.001485,0.000015,-0.000031,-0.000036,-0.000054,0.000019,0.000022,0.000010,0.001510
