value: 1.0
Main thread exiting.
1: releasing data lock for iter 0
0: releasing data lock for iter 0
2: releasing data lock for iter 0
comp: client data available for iter 0
Iteration 0

 0.031917778587
 -1.036256243350
 0.479271164461
 0.464745413327
 0.204432989867
 0.121914260851
 0.052281714279
 -0.025249651992
 -0.011547166483

comp: releasing beta1 lock for iter 0
value: 1.0362562433501996
0: sending beta1 for iter 0
1: sending beta1 for iter 0
2: sending beta1 for iter 0
1: releasing data lock for iter 1
0: releasing data lock for iter 1
2: releasing data lock for iter 1
comp: client data available for iter 1
Iteration 1

 0.053068742727
 -1.606148086722
 0.742613711086
 0.704217764049
 0.315714997216
 0.192014733325
 0.092055320045
 -0.041539769796
 -0.021070315496

comp: releasing beta1 lock for iter 1
value: 0.5698918433713602
0: sending beta1 for iter 1
1: sending beta1 for iter 1
2: sending beta1 for iter 1
1: releasing data lock for iter 2
0: releasing data lock for iter 2
2: releasing data lock for iter 2
comp: client data available for iter 2
Iteration 2

 0.062563593949
 -1.872340056317
 0.866043421741
 0.813639730500
 0.366667666132
 0.224729889333
 0.110558116048
 -0.048115684956
 -0.024810734068

comp: releasing beta1 lock for iter 2
value: 0.26619196959533276
1: sending beta1 for iter 2
2: sending beta1 for iter 2
0: sending beta1 for iter 2
1: releasing data lock for iter 3
0: releasing data lock for iter 3
2: releasing data lock for iter 3
comp: client data available for iter 3
Iteration 3

 0.064114522560
 -1.915594510395
 0.886210693425
 0.831241128314
 0.374806763987
 0.230020401649
 0.113438331299
 -0.049031508076
 -0.025356227563

comp: releasing beta1 lock for iter 3
1: sending beta1 for iter 3
2: sending beta1 for iter 3
0: sending beta1 for iter 3
value: 0.043254454078278215
1: releasing data lock for iter 4
0: releasing data lock for iter 4
2: releasing data lock for iter 4
comp: client data available for iter 4
Iteration 4

 0.064148795840
 -1.916541185497
 0.886654376711
 0.831624320220
 0.374982686952
 0.230135608077
 0.113498862490
 -0.049049145143
 -0.025367284571

comp: releasing beta1 lock for iter 4
1: sending beta1 for iter 4
value: 9.466751016995456E-4
2: sending beta1 for iter 4
0: sending beta1 for iter 4
1: releasing data lock for iter 5
0: releasing data lock for iter 5
2: releasing data lock for iter 5
comp: client data available for iter 5
Iteration 5

 0.064148811863
 -1.916541623976
 0.886654583054
 0.831624497074
 0.374982767656
 0.230135661234
 0.113498889665
 -0.049049152519
 -0.025367289396

comp: releasing beta1 lock for iter 5
1: sending beta1 for iter 5
2: sending beta1 for iter 5
0: sending beta1 for iter 5
Total training time: 2.583s
value on exit: 4.384793024225786E-7
Covariance matrix:

  0.013874 -0.001541 -0.001441 -0.001514 -0.001458 -0.001618 -0.001613 -0.001663 -0.001485
 -0.001541  0.003466 -0.000933 -0.000810 -0.000398 -0.000244 -0.000162  0.000071  0.000015
 -0.001441 -0.000933  0.001981  0.000356  0.000140  0.000122  0.000042  0.000002 -0.000031
 -0.001514 -0.000810  0.000356  0.001875  0.000178  0.000098  0.000062 -0.000019 -0.000036
 -0.001458 -0.000398  0.000140  0.000178  0.001612  0.000021  0.000053 -0.000007 -0.000054
 -0.001618 -0.000244  0.000122  0.000098  0.000021  0.001587  0.000036  0.000057  0.000019
 -0.001613 -0.000162  0.000042  0.000062  0.000053  0.000036  0.001567  0.000023  0.000022
 -0.001663  0.000071  0.000002 -0.000019 -0.000007  0.000057  0.000023  0.001532  0.000010
 -0.001485  0.000015 -0.000031 -0.000036 -0.000054  0.000019  0.000022  0.000010  0.001510

SD matrix:

  0.117787  0.058871  0.044510  0.043305  0.040147  0.039842  0.039584  0.039135  0.038864

Computation thread exiting.
Thread 1 exiting.
Thread 0 exiting.
Thread 2 exiting.
